0.734148358088704267032653660862706601619720458984375 0.0321626079088039029674206403797143138945102691650390625 -0.67822691996717754392420829390175640583038330078125 2.69420438733850620138809972559101879596710205078125
-0.0754404809608144599764045779011212289333343505859375 -0.9888290880227283974335250604781322181224822998046875 -0.128552590454414084053524902628851123154163360595703125 1.5636482103018298772667549201287329196929931640625
-0.6747850933060544065256181056611239910125732421875 0.145542438253053407759551873823511414229869842529296875 -0.7235208887926425358472215521032921969890594482421875 1.71775797377188776948742088279686868190765380859375
0.73712475122821541351214591486495919525623321533203125 0.031894928927562675446960582803512807004153728485107421875 -0.6750035663872060442969313953653909265995025634765625 2.687419135420052729301687577390111982822418212890625
-0.0722846415180082579876597037582541815936565399169921875 -0.98943273926771835302673707701615057885646820068359375 -0.1256892400557517441850308159700944088399410247802734375 1.555391599465605789731625918648205697536468505859375
-0.6718794770845100128298099662060849368572235107421875 0.1414410406278357179576943281062995083630084991455078125 -0.727029848285997370993527511018328368663787841796875 1.7278754995092422408475840711616910994052886962890625
0.738910336613378238013183363364078104496002197265625 0.035329770179477859581851362236193381249904632568359375 -0.6728768994288401028569523987243883311748504638671875 2.682041069218948248220613095327280461788177490234375
-0.07100712551040157249904183345279307104647159576416015625 -0.98898095900665927704409341458813287317752838134765625 -0.129902466677960237717570635140873491764068603515625 1.5631543853726832526973566928063519299030303955078125
-0.670051865584041284051863840431906282901763916015625 0.143765329830713273207010161058860830962657928466796875 -0.7282595878984443604764464907930232584476470947265625 1.728427834737079393789827008731663227081298828125
0.7390551206183835208918253556475974619388580322265625 0.0332861320081585809749213922259514220058917999267578125 -0.672822088002231755154980419320054352283477783203125 2.68581991117756846421116279088892042636871337890625
-0.06918287559499584904454394518324988894164562225341796875 -0.98974699525684772805078637247788719832897186279296875 -0.124958453513353051622658540509291924536228179931640625 1.548989262833939672958649680367670953273773193359375
-0.6700830235218280250819589127786457538604736328125 0.138898951745421495029830794010194949805736541748046875 -0.72917475463147274350461657377309165894985198974609375 1.7337465501327766759231963078491389751434326171875
0.74000937299937297186858131681219674646854400634765625 0.03300597109975510201618220662567182444036006927490234375 -0.67178622622441253042779862880706787109375 2.686373299411872306308168845134787261486053466796875
-0.0703044656827452596470351409152499400079250335693359375 -0.98952807470494341668398874389822594821453094482421875 -0.12606137979489051570425317549961619079113006591796875 1.5483753859677822362073129625059664249420166015625
-0.6689121093074479329487758150207810103893280029296875 0.140516174309187891200423337068059481680393218994140625 -0.72993958296517302830608286967617459595203399658203125 1.7333350159502833864877402447746135294437408447265625
0.7414318001778650302213691247743554413318634033203125 0.035129081597938281722459663569679833017289638519287109375 -0.6701080758438118234465719069703482091426849365234375 2.684334546279617317310339785763062536716461181640625
-0.0713849909447672736906298496251110918819904327392578125 -0.98883273315388231505806970744743011891841888427734375 -0.1308205217511317630663114641720312647521495819091796875 1.5572232926335107805471125175245106220245361328125
-0.6672204049284058413604725501500070095062255859375 0.1448301538682751077313781706834561191499233245849609375 -0.7306443442453145475923292906372807919979095458984375 1.733162331810614187332930669072084128856658935546875
0.74066375492287395143620187809574417769908905029296875 0.03631497471260962395245286415956798009574413299560546875 -0.670893750720016779354182290262542665004730224609375 2.686162765630185855769695990602485835552215576171875
-0.072074484336984545596038742587552405893802642822265625 -0.98848172975612758062169405093300156295299530029296875 -0.133075687658909480592939189591561444103717803955078125 1.560762649193093931643261385033838450908660888671875
-0.6679988554264948419358915998600423336029052734375 0.14691865963844208398114687952329404652118682861328125 -0.7295152065577088507097869296558201313018798828125 1.729513536437128795597573116538114845752716064453125
0.7406450077935018416752654957235790789127349853515625 0.0359803926406716823027664986511808820068836212158203125 -0.670932473335422496774071987601928412914276123046875 2.687421360275619175439487662515603005886077880859375
-0.0717259337270911012662821804042323492467403411865234375 -0.98862511288820342780780947578023187816143035888671875 -0.1321959779939016199623580405386746861040592193603515625 1.55740520632573709036705622565932571887969970703125
-0.6680571553853316135729301095125265419483184814453125 0.1460335492693726477941851271680206991732120513916015625 -0.72963952718191504853706419453374110162258148193359375 1.730302191754372831411501465481705963611602783203125
0.74021322733198646748320470578619278967380523681640625 0.035972823968605079081317654754457180388271808624267578125 -0.6714092150235113631850936144473962485790252685546875 2.689834615302117537538606484304182231426239013671875
-0.07287264704598761522191807671333663165569305419921875 -0.98839343379414457135823113276273943483829498291015625 -0.133296651665114784801602354491478763520717620849609375 1.560078090408218098872339396621100604534149169921875
-0.66841151650407315543134245672263205051422119140625 0.14759531147141424778368445913656614720821380615234375 -0.729000458598196843240657472051680088043212890625 1.728993778084995103228038715315051376819610595703125
0.7403496886396661036400246302946470677852630615234375 0.035235825006773524581404899436165578663349151611328125 -0.6712978289606199577832512659369967877864837646484375 2.689513997567647418662772906827740371227264404296875
-0.07199720427460352956128275536684668622910976409912109375 -0.98872474465080995020827003827434964478015899658203125 -0.1313003499303474208570463588330312632024288177490234375 1.5560080073359134900101707899011671543121337890625
-0.6683552506772059143003161807428114116191864013671875 0.1455397401099875198671185216880985535681247711181640625 -0.72946517596176352338233073169249109923839569091796875 1.732436954923365579617211551521904766559600830078125
0.7396736521842190992259702397859655320644378662109375 0.03647598823513342747304477597936056554317474365234375 -0.67197648064997761441219381595146842300891876220703125 2.690303136750203716331952819018624722957611083984375
-0.0721306679566549313609158389226649887859821319580078125 -0.98848059065345339480046504831989295780658721923828125 -0.133053705854165260635824097334989346563816070556640625 1.563735196963699447536555453552864491939544677734375
-0.66908897390749622058336854024673812091350555419921875 0.1468864329462402640302798317861743271350860595703125 -0.7285220112060744046544868979253806173801422119140625 1.7309740969607967375765156248235143721103668212890625
0.73917413748871230172454716011998243629932403564453125 0.0348420995151130785671966805239208042621612548828125 -0.67261253524536501746666772305616177618503570556640625 2.692126614692967212505436691571958363056182861328125
-0.07120614250511404785815017248751246370375156402587890625 -0.98902137837459191960221005501807667315006256103515625 -0.129485128055555398507436848376528359949588775634765625 1.5627112058662462334979181832750327885150909423828125
-0.66973971043783853129838234963244758546352386474609375 0.143606201883488104886765768242185004055500030517578125 -0.72857805281468568381342265638522803783416748046875 1.73201086431784023744739897665567696094512939453125
0.73806995334147185161555171362124383449554443359375 0.0325945671758357813363460309119545854628086090087890625 -0.6739364496487312283790060973842628300189971923828125 2.697646374379542688615174483857117593288421630859375
-0.0692697875622616532353958973544649779796600341796875 -0.98989431714295272879411413669004105031490325927734375 -0.12373737276654388217433933050415362231433391571044921875 1.5629447611500622006275307285250164568424224853515625
-0.67115902773157731786568547249771654605865478515625 0.1380102716420318620382801100276992656290531158447265625 -0.72835343372273353423906883108429610729217529296875 1.73236003963564488827842069440521299839019775390625
0.7378489576407634142896085904794745147228240966796875 0.0291043121751184581669225082123375614173710346221923828125 -0.674338086364141719997178370249457657337188720703125 2.697701871437260923158873993088491261005401611328125
-0.06744050407350099529679710030904971063137054443359375 -0.99089141519103540733937052209512330591678619384765625 -0.1165589194828915708956884600411285646259784698486328125 1.564187964275199238528557543759234249591827392578125
-0.6715881878940035409897291174274869263172149658203125 0.1314805777045429391325370716003817506134510040283203125 -0.72916538835008359864531257699127309024333953857421875 1.7309212791895394190078150131739675998687744140625
0.7390866383235035197429851905326358973979949951171875 0.02387712108563000423799849158967845141887664794921875 -0.67318706474524947491744342187303118407726287841796875 2.6963911846500980828977844794280827045440673828125
-0.0637492207002805788551569321498391218483448028564453125 -0.99240680530877056764182952974806539714336395263671875 -0.1051892087476030968051787795047857798635959625244140625 1.563782806554765425488540131482295691967010498046875
-0.67058703977318956379605197071214206516742706298828125 0.12065908944419423409755154352751560509204864501953125 -0.731952461723251790459698895574547350406646728515625 1.736400587957925178983487057848833501338958740234375
0.739171719095472301575000528828240931034088134765625 0.0174355241814262186539341570323813357390463352203369140625 -0.673291298165929585906042120768688619136810302734375 2.703803013415512879191737738437950611114501953125
-0.06177750823597960572186593708465807139873504638671875 -0.9936956248649699841024585111881606280803680419921875 -0.0935550351417297199052569567356840707361698150634765625 1.566777392206045060873975671711377799510955810546875
-0.670677798324648133387881898670457303524017333984375 0.1107474948734088193713631653736229054629802703857421875 -0.7334345800503729861929969047196209430694580078125 1.735680107197658639250903434003703296184539794921875
0.7397455546668378900676543707959353923797607421875 0.00952667212842055188826151379544171504676342010498046875 -0.67281926017973792131243726544198580086231231689453125 2.7065337435287570855280137038789689540863037109375
-0.05871732641327671864406312352002714760601520538330078125 -0.995171649497368360215432403492741286754608154296875 -0.07864898992081149897703795659253955818712711334228515625 1.56076952713606420530823015724308788776397705078125
-0.67031991610687569060900159456650726497173309326171875 0.09768638879007028597012407544752932153642177581787109375 -0.73561442312914604446660860048723407089710235595703125 1.73734923977470412381762798759154975414276123046875
0.7439703469024372406437350946362130343914031982421875 0.0008262332083097297108498224815775756724178791046142578125 -0.66821212221012038501299912240938283503055572509765625 2.70728744430297041390076628886163234710693359375
-0.0551964825867956587757134911953471601009368896484375 -0.99650576944655810951445573664386756718158721923828125 -0.06268651984094052165286115041453740559518337249755859375 1.55146287919852010617205451126210391521453857421875
-0.66592902868091952139906197771779261529445648193359375 0.08351987068002771075203582995527540333569049835205078125 -0.741325137818540813583467752323485910892486572265625 1.748868039159840126473000054829753935337066650390625
0.74885261495797006414676388885709457099437713623046875 -0.0058067281738082947295520597208451363258063793182373046875 -0.66271113086964728022820736441644839942455291748046875 2.7054101124291900504204022581689059734344482421875
-0.05388809200700293844388255593003123067319393157958984375 -0.997183986946320377597885453724302351474761962890625 -0.05215524631027619595347033509824541397392749786376953125 1.5591823950868859416374334614374674856662750244140625
-0.66054207633613770678238097389112226665019989013671875 0.07476883097759583207686517880574683658778667449951171875 -0.74705674972105551301382320161792449653148651123046875 1.7541077713319364050903459428809583187103271484375
0.75496086535244655291165827293298207223415374755859375 -0.0141884542534195835783439321176047087647020816802978515625 -0.65561633563554766457315281513729132711887359619140625 2.70309852108717496577128258650191128253936767578125
-0.049157242358297492668128825243911705911159515380859375 -0.9981774817282318412736685786512680351734161376953125 -0.035004006833690197442177094444559770636260509490966796875 1.5575157260224816724303309456445276737213134765625
-0.65392481013493608532627376916934736073017120361328125 0.058654946394861247338514687044153106398880481719970703125 -0.7542824006652970592057272369856946170330047607421875 1.7648300907171157181352327825152315199375152587890625
0.76011309900845436260397036676295101642608642578125 -0.0234447703601327848976776380141018307767808437347412109375 -0.6493677074343360278163572729681618511676788330078125 2.705155681935035971719116787426173686981201171875
-0.0454578478115610362664256172138266265392303466796875 -0.9988190502052278763045478626736439764499664306640625 -0.017149023863400059131123498445958830416202545166015625 1.55788508744115716808664728887379169464111328125
-0.6481987818471319773294680999242700636386871337890625 0.042554056092071280981148362343446933664381504058837890625 -0.76028119240318392524358159789699129760265350341796875 1.770727772563456259291569949709810316562652587890625
0.76617046160842827706716207103454507887363433837890625 -0.0347138660713390001522071770523325540125370025634765625 -0.641699128300099896904384877416305243968963623046875 2.7044307200211505914921872317790985107421875
-0.038977271047062445052944212875445373356342315673828125 -0.9992118273759327262695251192781142890453338623046875 0.007516406972280754821003068144591452437452971935272216796875 1.5411022223400803188297913948190398514270782470703125
-0.641454282159259481232993493904359638690948486328125 0.0192528318548275366450805989870787016116082668304443359375 -0.76691963879217406319099836764507927000522613525390625 1.781457927411309594134536382625810801982879638671875
0.77217325508051704030521023014443926513195037841796875 -0.046154281570711976068199788869605981744825839996337890625 -0.6337335768531209279075255835778079926967620849609375 2.705794314063999284059036654070951044559478759765625
-0.037325138618765234255203466773309628479182720184326171875 -0.99893095234459960973794068195275031030178070068359375 0.02727244900996371457235767366000800393521785736083984375 1.53569443261570004466420868993736803531646728515625
-0.63431482574936648433094887877814471721649169921875 0.00259513787736754923674009631895387428812682628631591796875 -0.77307048003008649317280287505127489566802978515625 1.788095682258355356708534600329585373401641845703125
0.77797830060130757079406293996726162731647491455078125 -0.057698012679711037364871373256391962058842182159423828125 -0.62563623866134321360732428729534149169921875 2.707795445352825680629393900744616985321044921875
-0.033429450695198974219390919415673124603927135467529296875 -0.99816522407374186354189760095323435962200164794921875 0.05048422799284824069587784833856858313083648681640625 1.5187439337237906844535473283031024038791656494140625
-0.62740117597890954215245074010454118251800537109375 -0.01836095810758593682709971517397207207977771759033203125 -0.77847969761430058088791383852367289364337921142578125 1.7997730976176440353953012163401581346988677978515625
0.783247932862550566568415888468734920024871826171875 -0.0660008738687153095892057308446965180337429046630859375 -0.61819621506048338943628550623543560504913330078125 2.7114988934216111005071070394478738307952880859375
-0.03424102150818775225360468539292924106121063232421875 -0.99741931909727232774542926563299261033535003662109375 0.0631051054797415467145782486113603226840496063232421875 1.5276415470959057163469196893856860697269439697265625
-0.620765840001378688128852445515803992748260498046875 -0.028259273523914517356470099684884189628064632415771484375 -0.78348655722180904348306285100989043712615966796875 1.804744027990343280265506109572015702724456787109375
0.7900490781860300959493770278641022741794586181640625 -0.0727865409114913097798904573210165835916996002197265625 -0.608707297080907760999934907886199653148651123046875 2.708787581449282555468016653321683406829833984375
-0.033485153643953914637254598574145347811281681060791015625 -0.9965679051214948458436992950737476348876953125 0.07570439199409899344583863012303481809794902801513671875 1.5315411157238829620297337896772660315036773681640625
-0.6121284167091456396292414865456521511077880859375 -0.03942752774262166248764316378583316691219806671142578125 -0.78977482329665293914189305723994038999080657958984375 1.811726501135190847691092130844481289386749267578125
0.79764463782933414659481741182389669120311737060546875 -0.07852892969187073857195713344481191597878932952880859375 -0.59799351078716522778222497436217963695526123046875 2.7054743725335494985984041704796254634857177734375
-0.03177251386659267484713353724146145395934581756591796875 -0.99558173561577689714141570220817811787128448486328125 0.088360144131133022682433875161223113536834716796875 1.5337792052517091878627297774073667824268341064453125
-0.6022902449024949422806685106479562819004058837890625 -0.051480238050407724215151716862237663008272647857666015625 -0.79661549444230994598825645880424417555332183837890625 1.8235715132967900142801909169065766036510467529296875
0.80582337273792792320392663896200247108936309814453125 -0.0870300870876385967989108394249342381954193115234375 -0.58572558070378721861715121121960692107677459716796875 2.699792536429434175460073674912564456462860107421875
-0.031579590253340061867248778071370907127857208251953125 -0.99404914305259295392858120976598002016544342041015625 0.10425464342578023846375145922138472087681293487548828125 1.5261099734225542778887074746307916939258575439453125
-0.59131330225921840959557584938011132180690765380859375 -0.06551385454942700026226276577290263958275318145751953125 -0.80377640761182755912983566304319538176059722900390625 1.832806852042042411454758621403016149997711181640625
0.81067725894112208084862913892720825970172882080078125 -0.093253130713400356199827001546509563922882080078125 -0.5780192344964472095369956150534562766551971435546875 2.70746053904817163271445679129101336002349853515625
-0.030223294933581591747984163021101267077028751373291015625 -0.9925835646412182189379791452665813267230987548828125 0.1177472702337100385339141439544619061052799224853515625 1.5201831203190192542962222432834096252918243408203125
-0.58471269378992207776946088415570557117462158203125 -0.0779853884793944296394130333283101208508014678955078125 -0.80748334032638158230810176974046044051647186279296875 1.83802892400786976878634959575720131397247314453125
0.81668859146272276827716041225357912480831146240234375 -0.0975485765911022484342396410283981822431087493896484375 -0.5687741377556505550927568037877790629863739013671875 2.709045271408536681434497950249351561069488525390625
-0.02650846803333438417293876909752725623548030853271484375 -0.9909105215200331162606062207487411797046661376953125 0.131884947827345777593421871642931364476680755615234375 1.510084796121240469091162594850175082683563232421875
-0.5764694664049081485046599482302553951740264892578125 -0.09263160122736670276655246425434597767889499664306640625 -0.8118511814100504153657311690039932727813720703125 1.8448971723319775861682501272298395633697509765625
0.82279747777761969018683885224163532257080078125 -0.1008127576944034264894156649461365304887294769287109375 -0.5593219988958395560985081829130649566650390625 2.70447978110375597537995417951606214046478271484375
-0.02786766927869976928633377610822208225727081298828125 -0.990114636155402738637576476321555674076080322265625 0.1374641781695419007203184946774854324758052825927734375 1.5174519075313426252904491775552742183208465576171875
-0.5676510403159331641376184052205644547939300537109375 -0.09751817859714183300834378087529330514371395111083984375 -0.81747324192987191882053821245790459215641021728515625 1.849342594903820025109553171205334365367889404296875
0.83040390227509941478700739025953225791454315185546875 -0.103217308285385500621345045146881602704524993896484375 -0.547517621959884071003443750669248402118682861328125 2.69797221123465558179077561362646520137786865234375
-0.0268300320797116575999297083399142138659954071044921875 -0.9889583400110526500981222852715291082859039306640625 0.1457448150061770031360453003799193538725376129150390625 1.5154754865308539546475685710902325809001922607421875
-0.5565155060417350529888835808378644287586212158203125 -0.1063371477561007305556728397277765907347202301025390625 -0.82400418842516121031849252176471054553985595703125 1.8620636988560741453824221025570295751094818115234375
0.83544140741737482613871179637499153614044189453125 -0.108995576263208493461576154004433192312717437744140625 -0.5386628065195588899172207675292156636714935302734375 2.69578326028902903743755814502947032451629638671875
-0.029444972878762389056905846018707961775362491607666015625 -0.9876056491020024363791662835865281522274017333984375 0.1541689833720824853724451486414181999862194061279296875 1.51098578624185808649826867622323334217071533203125
-0.548790167864408484632576801232062280178070068359375 -0.1129382407197119519981498569904942996799945831298828125 -0.8282960252461017969238810110255144536495208740234375 1.864971876918736004569154829368926584720611572265625
0.83920715145437918547344224862172268331050872802734375 -0.108792305501690833580141770653426647186279296875 -0.5328185349736376252849368029274046421051025390625 2.69830500175576304400237859226763248443603515625
-0.028253612721307518051983009854666306637227535247802734375 -0.98718396276500730568415065135923214256763458251953125 0.157065454597027864824809739729971624910831451416015625 1.5210807388894880265439724098541773855686187744140625
-0.5430774257102031210564518914907239377498626708984375 -0.11675640420637926897295955086519825272262096405029296875 -0.831525617020170582094351630075834691524505615234375 1.865547191096362578122125341906212270259857177734375
0.84470482388871059864499102332047186791896820068359375 -0.1089942329198540782453363817694480530917644500732421875 -0.5240171921696410439750479781650938093662261962890625 2.694262063346311464329119189642369747161865234375
-0.028350577474952655399054179952145204879343509674072265625 -0.98678302812076790218043242930434644222259521484375 0.15954779901222193583265607230714522302150726318359375 1.531028833071079731098507181741297245025634765625
-0.5344810616438888661861028595012612640857696533203125 -0.11991460546163780487294303611633949913084506988525390625 -0.83663043342983944850033140028244815766811370849609375 1.875385189330209367852830837364308536052703857421875
0.843982567869590472042773399152792990207672119140625 -0.120059958032700031527184592050616629421710968017578125 -0.52276096986045050840630210586823523044586181640625 2.71768889291013859832446541986428201198577880859375
-0.028441632973506714154865449017961509525775909423828125 -0.98327268844047976958933077185065485537052154541015625 0.1799052352791089826045123345465981401503086090087890625 1.4902960333542980553289680756279267370700836181640625
-0.5356159992439106787287528277374804019927978515625 -0.1369687068063998591771479595990967936813831329345703125 -0.83327970976721232876371914244373328983783721923828125 1.8688257363111826503399015564355067908763885498046875
0.84802249153308928431016511240159161388874053955078125 -0.12368386560966503073810685009448206983506679534912109375 -0.51532529070661947656617485336028039455413818359375 2.718736166488576078137384683941490948200225830078125
-0.03265388322987135272246206341151264496147632598876953125 -0.98273186827687786237817135770455934107303619384765625 0.182131268548393621120595753382076509296894073486328125 1.49750175718068856411946399020962417125701904296875
-0.52895328504889871368277454166673123836517333984375 -0.137624040272357472947106771243852563202381134033203125 -0.83741748595016274325786298504681326448917388916015625 1.876758138899919714503994327969849109649658203125
0.84972140490372616294934005054528824985027313232421875 -0.130524346386754752646908173119300045073032379150390625 -0.5108198596851420969500168212107382714748382568359375 2.7264579865910985034815894323401153087615966796875
-0.035384497231589040477928165273624472320079803466796875 -0.98080486940953937047282806815928779542446136474609375 0.1917543884718264368682838494351017288863658905029296875 1.4844092085877502729118759816628880798816680908203125
-0.5260432219923620866808278151438571512699127197265625 -0.1448627044578656153372975268212030641734600067138671875 -0.8380294299444666084042410147958435118198394775390625 1.8763334072772350769042759566218592226505279541015625
0.8552216374077967753208895373973064124584197998046875 -0.13145307067508393839005975678446702659130096435546875 -0.50131431369911860773669332047575153410434722900390625 2.7162867462424156173028677585534751415252685546875
-0.03513047946457704961975565538523369468748569488525390625 -0.97977729833833915318308527275803498923778533935546875 0.196982981684748870154777478092000819742679595947265625 1.48224866624483553323443629778921604156494140625
-0.51707040170765516950979190369253046810626983642578125 -0.15085269593519556874383624744950793683528900146484375 -0.84254475477980850239845267424243502318859100341796875 1.8844361652875354362635107463574968278408050537109375
0.85358782833153601377063068866846151649951934814453125 -0.1307610853445087262247881199073162861168384552001953125 -0.5042711154565358011581110986298881471157073974609375 2.74077290703878162503315252251923084259033203125
-0.039735027934775069002881764390622265636920928955078125 -0.9815079545509275416037553441128693521022796630859375 0.187251869705690576761725196774932555854320526123046875 1.519923732255555659520496192271821200847625732421875
-0.519431368786363645284609447116963565349578857421875 -0.139798689953734456281608800054527819156646728515625 -0.8429990387941994622877928122761659324169158935546875 1.873697350207771616936724967672489583492279052734375
0.8560107117671489351806712875259108841419219970703125 -0.1318199692157477620479966162747587077319622039794921875 -0.49986913993150106083618311458849348127841949462890625 2.741905577102932145550084896967746317386627197265625
-0.034383373740400118012683350343650090508162975311279296875 -0.97931987477125137520062025942024774849414825439453125 0.1993749394689528220414587167397257871925830841064453125 1.493821776176285087700534859322942793369293212890625
-0.51581338190291969869605281928670592606067657470703125 -0.1534798963837933627463172570060123689472675323486328125 -0.84284071831864704194003934389911592006683349609375 1.87145361778650620721009545377455651760101318359375
0.85802797171977118750874069519340991973876953125 -0.1365300106569434512859828600994660519063472747802734375 -0.495123778399372660441457583146984688937664031982421875 2.74441696661985989891263670870102941989898681640625
-0.042595113923230294716848476355153252370655536651611328125 -0.97961570735889214045499784333514980971813201904296875 0.196312817120035176809977883749525062739849090576171875 1.504213498690246009203974608681164681911468505859375
-0.5118336214204017853290906714391894638538360595703125 -0.147352034549076582603532870052731595933437347412109375 -0.8463531898078511250815836319816298782825469970703125 1.87168692446821882668928083148784935474395751953125
0.8600326484911320346071761377970688045024871826171875 -0.145115187540793166842689743134542368352413177490234375 -0.489168095724087204079211232965462841093540191650390625 2.74809720543245727952808010741136968135833740234375
-0.04545568333798387372635119163533090613782405853271484375 -0.9766824614136719873158654081635177135467529296875 0.2098217110291684672773726560990326106548309326171875 1.461195266338510823089791301754303276538848876953125
-0.50821021672296817772718213745974935591220855712890625 -0.15821805178907799582788129555410705506801605224609375 -0.846575114036824505348022285033948719501495361328125 1.8715919295526617371905331310699693858623504638671875
0.86564877908186088628639254238805733621120452880859375 -0.141846209659051980533917003413080237805843353271484375 -0.4801373179408623403929823325597681105136871337890625 2.7363746212670179147607996128499507904052734375
-0.045213123309019838391709100733351078815758228302001953125 -0.977254700156219513473843107931315898895263671875 0.2071932057361460521871521223147283308207988739013671875 1.45788251811781055522487804410047829151153564453125
-0.49860602157888933572138512317906133830547332763671875 -0.1576480378182292529931629587736097164452075958251953125 -0.852372648210472760865741292946040630340576171875 1.88060699350211546487798841553740203380584716796875
0.86754164299821001637980089071788825094699859619140625 -0.138034956528366503647475838079117238521575927734375 -0.47782616968954105818312427800265140831470489501953125 2.7410944585332845946368252043612301349639892578125
-0.048369978514331446461937957792542874813079833984375 -0.979577743616285356864636924001388251781463623046875 0.1951609320282886861352977803107933141291141510009765625 1.4722837966540378573654379579238593578338623046875
-0.49500691191385326472840233691385947167873382568359375 -0.1461977940594151592623717306196340359747409820556640625 -0.856501233022855412713170153438113629817962646484375 1.8749414280131022625397463343688286840915679931640625
0.8741675279995526626208857123856432735919952392578125 -0.133271638480605914001131395707488991320133209228515625 -0.466979446408347265151661531490390188992023468017578125 2.72531507502954895016955561004579067230224609375
-0.051107427356618932712262193263086373917758464813232421875 -0.98151338809863830636714965294231660664081573486328125 0.1844437579646428793100909615532145835459232330322265625 1.47591722948282555449850406148470938205718994140625
-0.482927700448151642209637657288112677633762359619140625 -0.1373686258205508992080723373874207027256488800048828125 -0.86481830275499704807629086644737981259822845458984375 1.887587135051456588286100668483413755893707275390625
0.877712225137395218865776769234798848628997802734375 -0.132723496281197117507844041028874926269054412841796875 -0.460440792479616500809669332738849334418773651123046875 2.72635495384969406273967251763679087162017822265625
-0.057457126277455354557144318050632136873900890350341796875 -0.98309405944123540166401653550565242767333984375 0.173852664435403758691478515174821950495243072509765625 1.475479880454674042056240068632178008556365966796875
-0.475730941272794194407680379299563355743885040283203125 -0.126137004190870205544428017674363218247890472412109375 -0.87049958511733571686619370666448958218097686767578125 1.8827378505398824071193075724295340478420257568359375
0.87886054782032829724158773387898690998554229736328125 -0.128837237800595361125743920638342387974262237548828125 -0.459352918398115039888551791591453365981578826904296875 2.73761646058795182767653386690653860569000244140625
-0.06265187445285257117344457356011844240128993988037109375 -0.9856747956542977195937282886006869375705718994140625 0.1565884409508014607492754066697671078145503997802734375 1.4946123279353480395315045825554989278316497802734375
-0.472947016178870194291761208660318516194820404052734375 -0.1088400816233223433737720142744365148246288299560546875 -0.87434258532896136362211336745531298220157623291015625 1.8752530996091374415613017845316790044307708740234375
0.8828643069790509390060151417856104671955108642578125 -0.126391900228051634602621788872056640684604644775390625 -0.452300456576312959189323237296775914728641510009765625 2.731007987343776477473511477001011371612548828125
-0.06773064061137219760144745350771700032055377960205078125 -0.9873025678852951347863609043997712433338165283203125 0.143687855330488278848832806033897213637828826904296875 1.50185470164684442551106258179061114788055419921875
-0.464718383308399041187186639945139177143573760986328125 -0.0962222791449279524211846137404791079461574554443359375 -0.88021480174522370720779917974141426384449005126953125 1.874796229303015149270095207612030208110809326171875
0.8863640822780742833941758362925611436367034912109375 -0.122289855511392875353493536749738268554210662841796875 -0.446546643573042578712062322665587998926639556884765625 2.7261553535936808856376956100575625896453857421875
-0.069194623180260650396888877367018721997737884521484375 -0.98864374504509811014685283225844614207744598388671875 0.1334003354798805329739508351849508471786975860595703125 1.495790839644350445070131172542460262775421142578125
-0.457789053790377320485305290276301093399524688720703125 -0.0873426391987646988379623280707164667546749114990234375 -0.8847601062477361555380639401846565306186676025390625 1.876098357766764923582059054751880466938018798828125
0.8889606759363044563571065737050957977771759033203125 -0.1102787524257887452616699874852201901376247406005859375 -0.444508170231189103649427352138445712625980377197265625 2.72535179299867724722616912913508713245391845703125
-0.0666310351328144589988511370393098331987857818603515625 -0.991392193322834014423960979911498725414276123046875 0.112702369876014951710629929948481731116771697998046875 1.501495115586930939599596968037076294422149658203125
-0.453110606580775010510109268579981289803981781005859375 -0.0705699353971082354863852970083826221525669097900390625 -0.888656661721527907360496101318858563899993896484375 1.871361741344343965209873204003088176250457763671875
0.8911794555292165131987758286413736641407012939453125 -0.102156732633030877810398351357434876263141632080078125 -0.441999072420285299411801815949729643762111663818359375 2.72995213770180367163220580550841987133026123046875
-0.0693944127018077117075023352299467660486698150634765625 -0.99354685778685325470149791726726107299327850341796875 0.0897165361995290455698892628788598813116550445556640625 1.5106188266690434574002210865728557109832763671875
-0.448311937749175160039527554545202292501926422119140625 -0.049281267836914062485664800306039978750050067901611328125 -0.89251765422985662734589595856959931552410125732421875 1.86207085240161607231357265845872461795806884765625
0.89411698685983609369287705703754909336566925048828125 -0.09518038232143379018257434154293150641024112701416015625 -0.437601997972853651308611233616829849779605865478515625 2.7328360028367200129650882445275783538818359375
-0.06976232837645111872770797845078050158917903900146484375 -0.994827088814576487862950671114958822727203369140625 0.07383956189070216280523339946739724837243556976318359375 1.502077553251993879968040346284396946430206298828125
-0.442366399433980428401724793729954399168491363525390625 -0.0354930723079916743412098867338499985635280609130859375 -0.8961318041839356762778834308846853673458099365234375 1.8530446209995277140336611410020850598812103271484375
0.90020673041952214976646473587607033550739288330078125 -0.0835318515867105038097406577435322105884552001953125 -0.42737603147332581254858041575062088668346405029296875 2.7237018762798950177739243372343480587005615234375
-0.0703954029010548654188283990151830948889255523681640625 -0.9964357757610200483355811229557730257511138916015625 0.046478296375108009430565658703926601447165012359619140625 1.522215461342687259360673124319873750209808349609375
-0.429735185617598158813734698924235999584197998046875 -0.011754767289486843517831715644206269644200801849365234375 -0.90287845011838585573826776453643105924129486083984375 1.847116200433699173544255245360545814037322998046875
0.90578584708322418261872144285007379949092864990234375 -0.0729845511042024608361344917284441180527210235595703125 -0.41740298815873766447026582682156004011631011962890625 2.7170681220319199411505906027741730213165283203125
-0.069735707169815863704087632868322543799877166748046875 -0.9972991297606750293880395474843680858612060546875 0.0230516143496704191406809769659957964904606342315673828125 1.5287017300503020766910822203499265015125274658203125
-0.417958048575752361131208090228028595447540283203125 0.0082280665236918147653621957715586177073419094085693359375 -0.90842906632935882527135618147440254688262939453125 1.84334197374315333917138559627346694469451904296875
0.910647794581260772162067951285280287265777587890625 -0.06170720515344148282554925799558986909687519073486328125 -0.408549648214799610013159281152184121310710906982421875 2.7094261102183754275074534234590828418731689453125
-0.06611738076276944819920089457809808664023876190185546875 -0.99780628130473036918601792422123253345489501953125 0.00333420903606276332331592726632152334786951541900634765625 1.5303732663111053735605082692927680909633636474609375
-0.407859149934577780438615945968194864690303802490234375 0.0239759425461499586784697157781920395791530609130859375 -0.9127300082684184356907053370377980172634124755859375 1.83665300257578589793183709844015538692474365234375
0.9151877393911715952157237552455626428127288818359375 -0.051607153300412968166543947745594778098165988922119140625 -0.39971002413788048190923518632189370691776275634765625 2.700466503908166782110811254824511706829071044921875
-0.061717369986595306541321548365885973908007144927978515625 -0.9980159567074509130435444603790529072284698486328125 -0.01245457342701947016372354681834622169844806194305419921875 1.52368807010581530647641557152383029460906982421875
-0.39827423706538567227397606984595768153667449951171875 0.036067324346823810554685252327544731087982654571533203125 -0.9165570250696057907902059014304541051387786865234375 1.832167845261380545451856960426084697246551513671875
0.92007902157427512435106109478510916233062744140625 -0.04378277726350056353599171643509180285036563873291015625 -0.389278386857040470392377073949319310486316680908203125 2.6873250681071407797162464703433215618133544921875
-0.06048960709521687684198099077548249624669551849365234375 -0.99769482397011322039048764054314233362674713134765625 -0.030757855203365637442036728543826029635965824127197265625 1.5233689691032379354140857685706578195095062255859375
-0.387034367327232675659587357586133293807506561279296875 0.051846953992878093420149099301852402277290821075439453125 -0.92060648046234672126075793130439706146717071533203125 1.831652996945555944563466255203820765018463134765625
0.92399617029197134154827608654159121215343475341796875 -0.0373390321338800124095769206178374588489532470703125 -0.38057440003904019487634968754719011485576629638671875 2.67464723675095239485699494252912700176239013671875
-0.057447255754729698029592555030831135809421539306640625 -0.9974809973744223068337078075273893773555755615234375 -0.0416109683037821642681564071608590893447399139404296875 1.506789554993991142595177734619937837123870849609375
-0.37806201884349743824742517972481437027454376220703125 0.06031133024758088267969213802643935196101665496826171875 -0.92381364644161123589327644367585889995098114013671875 1.83546925619880330060595952090807259082794189453125
0.92774495907925302873309192364104092121124267578125 -0.031271001065019767006791795438402914442121982574462890625 -0.37190242725132482970451519577181898057460784912109375 2.659271484506120497570691441069357097148895263671875
