0.69197719741751984035005307305254973471164703369140625 0.0616209079719557684118314000443206168711185455322265625 -0.7192846598912743250053836163715459406375885009765625 3.811583193231662836097939361934550106525421142578125
-0.037895147231362009965227599650461343117058277130126953125 -0.99187631929680286635431230024551041424274444580078125 -0.121430224693233779209577960500610060989856719970703125 1.5446239015685849782499872162588872015476226806640625
-0.72092407089583454560255404430790804326534271240234375 0.1112843460753631108506311875316896475851535797119140625 -0.68402067097534169359818179145804606378078460693359375 0.7616376010614391844910642248578369617462158203125
0.6953742266789568748919236895744688808917999267578125 0.0630371986866578304375963170969043858349323272705078125 -0.71587778038739358077435781524400226771831512451171875 3.80473276419609707232893924810923635959625244140625
-0.035652776690766628531203963348161778412759304046630859375 -0.9918927881667551904598667533718980848789215087890625 -0.12197356570801698438799576251767575740814208984375 1.544456861199304587017877565813250839710235595703125
-0.717762888646116703483812671038322150707244873046875 0.1103403059819727805024314193360623903572559356689453125 -0.68748923813990503450810365393408574163913726806640625 0.771172090307999713587605583597905933856964111328125
0.69685828232491087153022135680657811462879180908203125 0.0636921691520527522012429244568920694291591644287109375 -0.714375140905589400830422164290212094783782958984375 3.80316420744401906262055490515194833278656005859375
-0.0344093082269146532947701189186773262917995452880859375 -0.991932934965793489112684255815111100673675537109375 -0.12200420677993480123024738759340834803879261016845703125 1.5429490261678591167537888395600020885467529296875
-0.71638295191791445670759230779367499053478240966796875 0.10960079778714378051507338796000112779438495635986328125 -0.68904508656966478863381553310318849980831146240234375 0.7737762052289347547429088081116788089275360107421875
0.69727763176986290449832495141890831291675567626953125 0.06464871310492116551760233278400846756994724273681640625 -0.713879855527026929706835289834998548030853271484375 3.80362386877232072635024451301433145999908447265625
-0.033963742632617498207192596737513667903840541839599609375 -0.99182613687467358065674716272042132914066314697265625 -0.12299330401755892427928529286873526871204376220703125 1.5423954055926241135665577530744485557079315185546875
-0.71599606727767450831123596799443475902080535888671875 0.1100065128388296453731953761234763078391551971435546875 -0.6893824764061997623088018372072838246822357177734375 0.7739237865015409223445885800174437463283538818359375
0.69771241597590805127993007772602140903472900390625 0.06446259143843262318096520857579889707267284393310546875 -0.71347176461167871597268685945891775190830230712890625 3.804990638843232630961210816167294979095458984375
-0.03309189267552754831758221598647651262581348419189453125 -0.99197988576052065212707020691595971584320068359375 -0.12198691454498193642574932482602889649569988250732421875 1.53692882681416076451341723441146314144134521484375
-0.7156132413335003494836428217240609228610992431640625 0.10872191731593953967216492628722335211932659149169921875 -0.689983502355894895430310498340986669063568115234375 0.774642004475846857047827143105678260326385498046875
0.69792610750673300668012188907596282660961151123046875 0.0661522008286343776717330911196768283843994140625 -0.7131080106029015208690680083236657083034515380859375 3.80694597532257006378131336532533168792724609375
-0.0336946699998943166587395126043702475726604461669921875 -0.99158906140697811171236253358074463903903961181640625 -0.1249631023387917927447432475673849694430828094482421875 1.5419937968550125884092949490877799689769744873046875
-0.71537669630209188564862188286497257649898529052734375 0.1112429521108147245644914846707251854240894317626953125 -0.68982692611522178349758860349538736045360565185546875 0.773734192989839808518581776297651231288909912109375
0.6980023790132408034736499757855199277400970458984375 0.06588859354049288186150334922785987146198749542236328125 -0.71305776212948657200030311287264339625835418701171875 3.808048396325030893194707459770143032073974609375
-0.034018898190080693044734516661264933645725250244140625 -0.99158269992029401951327827191562391817569732666015625 -0.12492573081323966877054232327282079495489597320556640625 1.540113758565273105460846636560745537281036376953125
-0.7152869308151126315209467065869830548763275146484375 0.11145589814585121768431008604238741099834442138671875 -0.6898856349958288891599522685282863676548004150390625 0.774159558937272951339991777786053717136383056640625
0.69788205540065895160495301752234809100627899169921875 0.06548840700015533256017619123667827807366847991943359375 -0.71321238442579881766647531549097038805484771728515625 3.80867681811093294896863881149329245090484619140625
-0.033566501273701344898459097976228804327547550201416015625 -0.99172592907580536802925053052604198455810546875 -0.12390700555449775388527910990887903608381748199462890625 1.5363119724156828471706148775410838425159454345703125
-0.71542569612807394019426965314778499305248260498046875 0.1104125215365371059927923624854884110391139984130859375 -0.68990952189950582873478879264439456164836883544921875 0.77361756454305119490300057805143296718597412109375
0.69844779319447780618901333582471124827861785888671875 0.06641405734051376852367098990725935436785221099853515625 -0.7125727002694774991908843730925582349300384521484375 3.8071693902639740514359800727106630802154541015625
-0.0343307320769702661866773496512905694544315338134765625 -0.99142907872121421863909063176834024488925933837890625 -0.1260545799865000204942333539293031208217144012451171875 1.54119143715981277154014605912379920482635498046875
-0.7148371009908947026900705168372951447963714599609375 0.11250568711007401245804970812969258986413478851318359375 -0.6901814177553780016438622624264098703861236572265625 0.774316420653594406076081213541328907012939453125
0.699399357135498167536979963188059628009796142578125 0.06667390856882228489244113234235555864870548248291015625 -0.71161445260380140620526390193845145404338836669921875 3.80473306374153974473983907955698668956756591796875
-0.0332743477490479444558246768792741931974887847900390625 -0.99152243577451681932899418825400061905384063720703125 -0.125602753043687676015593979172990657389163970947265625 1.540403613684692363250405833241529762744903564453125
-0.71395613097681753789203185078804381191730499267578125 0.11152499291798680103315888345605344511568546295166015625 -0.69125163218270702092382862247177399694919586181640625 0.779131419435107996918077333248220384120941162109375
0.69754703185137356680201037306687794625759124755859375 0.06746357392606848468741276292348629795014858245849609375 -0.71335601528862169207201304743648506700992584228515625 3.8092752314491935550222478923387825489044189453125
-0.0338539366930738772065723196647013537585735321044921875 -0.991343112121864766805856561404652893543243408203125 -0.126857082787782349253546954059856943786144256591796875 1.5472417099455400002483429489075206220149993896484375
-0.7157388135788809169213209315785206854343414306640625 0.1126386923889777513796417451885645277798175811767578125 -0.68922454665631083248200638990965671837329864501953125 0.7750459924719470539145049770013429224491119384765625
0.69712109559981605411138616545940749347209930419921875 0.06555934654059802912939858288154937326908111572265625 -0.71394968320665397332192014800966717302799224853515625 3.81064878678929375155348679982125759124755859375
-0.032579435631120208516353642380636301822960376739501953125 -0.9918850529621039413541438989341259002685546875 -0.12289262190559295528924366180945071391761302947998046875 1.545657112814264433353628191980533301830291748046875
-0.716212788481666695616922879707999527454376220703125 0.10893111836428955030431353634412516839802265167236328125 -0.689328117130891815378390674595721065998077392578125 0.776517281525305858025376437581144273281097412109375
0.69659886349869848398697058655670844018459320068359375 0.0644651775422218908939697712412453256547451019287109375 -0.714558789923384285458496378851123154163360595703125 3.81241119808247841405091094202362000942230224609375
-0.03024538232435373952267099184609833173453807830810546875 -0.99243117774909439532393662375397980213165283203125 -0.11901911070961694594227964216770487837493419647216796875 1.5505385877696600260833292850293219089508056640625
-0.716823018720411209159237841959111392498016357421875 0.10452068238546653733411773146144696511328220367431640625 -0.68937666539144881738820913597010076045989990234375 0.7780483184722957190615488798357546329498291015625
0.69682550068619264482805419902433641254901885986328125 0.061501048877257602498502819798886775970458984375 -0.71459907821129575733465344455908052623271942138671875 3.8098807121599520542076788842678070068359375
-0.0283892617651883803764345515219247317872941493988037109375 -0.99317119791987173993419446560437791049480438232421875 -0.11315916168540619823890125417165108956396579742431640625 1.5540757116241146196244926613871939480304718017578125
-0.71667863883439320016321971706929616630077362060546875 0.09913913105443615536582768754669814370572566986083984375 -0.69032105670640875327848107190220616757869720458984375 0.776835161191646417222500531352125108242034912109375
0.69746493035947232375093562950496561825275421142578125 0.0539771124010266778459055103667196817696094512939453125 -0.71458319477546006215362695002113468945026397705078125 3.814402489988907074547341835568659007549285888671875
-0.02658044230423885212477586037493892945349216461181640625 -0.994524508743638957497523733763955533504486083984375 -0.1010665920551569174623551816694089211523532867431640625 1.551085792276505781472906164708547294139862060546875
-0.71612579269392828695828256968525238335132598876953125 0.08948434211358259615654020535657764412462711334228515625 -0.69221124055810612230033029845799319446086883544921875 0.7809339025146531110266323594260029494762420654296875
0.6995762153056268584094823381747119128704071044921875 0.04802369776024224823363084624361363239586353302001953125 -0.7129423843706359509297953991335816681385040283203125 3.81366052467083616051013450487516820430755615234375
-0.02245765164063111274383999216297524981200695037841796875 -0.99576843677814685928950666493619792163372039794921875 -0.0891114394098929396559327642535208724439144134521484375 1.5526950838652500141989776238915510475635528564453125
-0.714204993560334511215614838874898850917816162109375 0.07835125623239047598644901881925761699676513671875 -0.695537423738139981566064307116903364658355712890625 0.7861319916875115776377924703410826623439788818359375
0.70085205009429818456823113592690788209438323974609375 0.03904741029364265647583209783988422714173793792724609375 -0.71223711194234951005199718565563671290874481201171875 3.815605202113686811316028979490511119365692138671875
-0.0209717169217543096537692548508857726119458675384521484375 -0.9969409299565150650579425928299315273761749267578125 -0.0752923880701236447610114055351004935801029205322265625 1.5507570238159031905667006867588497698307037353515625
-0.712998310612386720919175786548294126987457275390625 0.0677056604937286976575450125892530195415019989013671875 -0.697889212268674175021487826597876846790313720703125 0.7870328276709031012359218948404304683208465576171875
0.704001114137734251841038712882436811923980712890625 0.03031512480181212942920154773673857562243938446044921875 -0.7095515657801616526967336540110409259796142578125 3.817281135944786019109642438706941902637481689453125
-0.0167078491166494681741117034334820345975458621978759765625 -0.998105079710400300285755292861722409725189208984375 -0.05922053755835095245618759918215801008045673370361328125 1.5424825671015387484885650337673723697662353515625
-0.71000230918433826499125416376045905053615570068359375 0.05354640560692203177239889555494301021099090576171875 -0.70216059658705309853843345990753732621669769287109375 0.7938609445697564215294050882221199572086334228515625
0.7083343198786120620269457504036836326122283935546875 0.023021406173165732955698814521383610554039478302001953125 -0.70550159896339981191459855836001224815845489501953125 3.81686186809337169023592650773935019969940185546875
-0.01432241483106413103276732812219051993452012538909912109375 -0.9987935179761808779375087397056631743907928466796875 -0.0469718140663152039504524282165220938622951507568359375 1.54659618270259802130794923868961632251739501953125
-0.7057317901979758278940835225512273609638214111328125 0.043376235088928287442211484403742360882461071014404296875 -0.707150014164936724370136289508081972599029541015625 0.7981422073920743098796037884312681853771209716796875
0.7138430915188156422601650774595327675342559814453125 0.01282217251171234584372626841286546550691127777099609375 -0.70018828366585761369123019903781823813915252685546875 3.81843875845777258604130111052654683589935302734375
-0.0110157075011210990600485359891536063514649868011474609375 -0.99950306532534938241951749660074710845947265625 -0.02953389625480185021189072358538396656513214111328125 1.545464765919529970261692142230458557605743408203125
-0.700219033492363696069560319301672279834747314453125 0.02879563750378615061276121878108824603259563446044921875 -0.71334712195099714282520153574296273291110992431640625 0.8050107041857901268855357557185925543308258056640625
0.71985649636984783139581622890545986592769622802734375 0.00273577314054772313678398631964228115975856781005859375 -0.6941175262010392810196890422957949340343475341796875 3.81789965336579495414071061532013118267059326171875
-0.00857505762102137546187829997279550298117101192474365234375 -0.99988085937661275170995622829650528728961944580078125 -0.01283393445485365991221016201961901970207691192626953125 1.54983667131552760309887162293307483196258544921875
-0.69406994821155254538069812042522244155406951904296875 0.01519068906842467592266388010102673433721065521240234375 -0.7197472820061492360110833033104427158832550048828125 0.81058787312529201329880379489623010158538818359375
0.724951035711518532167474404559470713138580322265625 -0.0091184748207931709540474685127264820039272308349609375 -0.68874004474673811149187940827687270939350128173828125 3.82199361620564470598537809564732015132904052734375
-0.003972813060288142052167703610621174448169767856597900390625 -0.999951079583510260562206894974224269390106201171875 0.0090570210704038200955068305120221339166164398193359375 1.541018288372443922895627110847271978855133056640625
-0.68878894632009168841335622346377931535243988037109375 -0.0038296614094905923053602236905135214328765869140625 -0.724951806067649417997245109290815889835357666015625 0.815484923670179995269791106693446636199951171875
0.73183593248559997146429623171570710837841033935546875 -0.0208996394801197471480236345087178051471710205078125 -0.68116031372396690368731242415378801524639129638671875 3.8217655819045983633941432344727218151092529296875
-0.001962626074190446621992034437198526575230062007904052734375 -0.99959010635890199747422002474195323884487152099609375 0.0285611940016704257683244350118911825120449066162109375 1.537686098666199097095841352711431682109832763671875
-0.6814780378117202275234376429580152034759521484375 -0.019565245302793743409353055540123023092746734619140625 -0.73157698511949453834546375219360925257205963134765625 0.823233835525955637280048904358409345149993896484375
0.73722828952560270909799555738572962582111358642578125 -0.0319479041438867905622345233496162109076976776123046875 -0.67488797629233754360456032372894696891307830810546875 3.825837128010844079284424879006110131740570068359375
0.002563018425279374457037562251571216620504856109619140625 -0.99874199333616164864224629127420485019683837890625 0.0500782998710125326624620356597006320953369140625 1.5259425298468212162106283358298242092132568359375
-0.675638868081305243862288989475928246974945068359375 -0.0386488901685324848234159844651003368198871612548828125 -0.736218977768539506456590970628894865512847900390625 0.8305632364547472779037207146757282316684722900390625
0.74426476612480196859422676425310783088207244873046875 -0.04271141516296850237921489679138176143169403076171875 -0.6665175863546062284825666210963390767574310302734375 3.825587960635318030000462385942228138446807861328125
0.000186211590775490522242652247086880379356443881988525390625 -0.9979397640897678112281710127717815339565277099609375 0.064157361294019332742522010448738001286983489990234375 1.532159224580762924006194225512444972991943359375
-0.6678846631197863370488221335108391940593719482421875 -0.04787417741067605259086548130653682164847850799560546875 -0.742723461260394568483889088383875787258148193359375 0.836667421307191627732890992774628102779388427734375
0.75027138752304434188289405938121490180492401123046875 -0.0513265959124536708113595295799314044415950775146484375 -0.6591346035646175050004558215732686221599578857421875 3.82767892206816728872809107997454702854156494140625
0.0040472731394646695168848538060046848841011524200439453125 -0.9966066076425033060104397009126842021942138671875 0.0822123081901064978183057974092662334442138671875 1.524741490320163261884545136126689612865447998046875
-0.661117587610721368918120788293890655040740966796875 -0.0643492411361220872922928037951351143419742584228515625 -0.747517699132927315730512418667785823345184326171875 0.8442518050563168063860075562843121588230133056640625
0.75791279427559044012951972035807557404041290283203125 -0.0586352348959555957907952006280538626015186309814453125 -0.64971540346682743471973253690521232783794403076171875 3.827153940181986957469462140579707920551300048828125
0.0055330614276400506834630022012788685970008373260498046875 -0.995338763625377875854383091791532933712005615234375 0.09628138600192222285034659989833016879856586456298828125 1.5256013270490171862547867931425571441650390625
-0.652332416417965799126932324725203216075897216796875 -0.07656781051805632010154312183658475987613201141357421875 -0.7540555608725185710028426910866983234882354736328125 0.855234101610780950153412049985490739345550537109375
0.76594202037595626730848152874386869370937347412109375 -0.06848716896670181686346268179477192461490631103515625 -0.639251381781317906671802120399661362171173095703125 3.822433465798124263557156155002303421497344970703125
0.0054516392457474201205247510415574652142822742462158203125 -0.993582178037673902082360655185766518115997314453125 0.11298101411279294625789049177910783328115940093994140625 1.516488078831553121261777050676755607128143310546875
-0.64288653824530184177632463615736924111843109130859375 -0.0900218752852211256954007012609508819878101348876953125 -0.76065298324078389757829654627130366861820220947265625 0.8615575864846842790711889392696321010589599609375
0.7715344313412291210596549717593006789684295654296875 -0.07524489324277368329507709177050855942070484161376953125 -0.6317221124005787391553212728467769920825958251953125 3.8299312896145210061149555258452892303466796875
0.00759064622030874124047894468958475044928491115570068359375 -0.99182143714666415323932824321673251688480377197265625 0.127407195011872420575826936328667216002941131591796875 1.509220822158785946243142461753450334072113037109375
-0.636142282317142981895585762686096131801605224609375 -0.10309421813487211483373329201640444807708263397216796875 -0.7646532409108692807109264322207309305667877197265625 0.865808978575850485270848366781137883663177490234375
0.77843367855589729042975477568688802421092987060546875 -0.078323581625731442112936520061339251697063446044921875 -0.6228213424821367194539334377623163163661956787109375 3.830593973489410331012550159357488155364990234375
0.0110259609978499949212160657907588756643235683441162109375 -0.9903261492071495641908995821722783148288726806640625 0.1383203557511399062196488785048131830990314483642578125 1.5069154520295615640179676120169460773468017578125
-0.627630015441371202911113869049586355686187744140625 -0.114540428641497993300646385250729508697986602783203125 -0.770039644384421517742111973348073661327362060546875 0.8737347028984434604836906146374531090259552001953125
0.78389399176162177784732421059743501245975494384765625 -0.08367483220459102921662264407132170163094997406005859375 -0.61523063328768323732020917304907925426959991455078125 3.832882237753236776001131147495470941066741943359375
0.0101169671678189472541209426026398432441055774688720703125 -0.989024696707760053726588012068532407283782958984375 0.147403428426742089119017009579692967236042022705078125 1.506067480212981646303660454577766358852386474609375
-0.620812255568348181355986525886692106723785400390625 -0.12177293158298772846048763085491373203694820404052734375 -0.77444399182240741819072127327672205865383148193359375 0.874819164050693931500291000702418386936187744140625
0.792323152513169315369623291189782321453094482421875 -0.0864542828916774197534067525339196436107158660888671875 -0.60394509598247314574592792268958874046802520751953125 3.824699632376365343588986434042453765869140625
0.0104720613074727429692156732699004351161420345306396484375 -0.9878359709299260327242109269718639552593231201171875 0.1551463982933920515705494835856370627880096435546875 1.5063212103226533145061694085597991943359375
-0.61001176868352080528978831353015266358852386474609375 -0.129250635120538193145733885103254579007625579833984375 -0.7817799660956656904176043099141679704189300537109375 0.887244156370447623061181730008684098720550537109375
0.79742163201285054530131901628919877111911773681640625 -0.093743827182444172674280480350716970860958099365234375 -0.59609633085865387780444279997027479112148284912109375 3.82517002220302249071437472593970596790313720703125
0.010074852383404213351791867125939461402595043182373046875 -0.98565286342000335562119062160491012036800384521484375 0.16848413757950553293341044991393573582172393798828125 1.4902391749812859966795031141373328864574432373046875
-0.6033384109735475675506677362136542797088623046875 -0.14035848029078346055342763065709732472896575927734375 -0.7850364697607215003216651894035749137401580810546875 0.8902281048396296636582292194361798465251922607421875
0.8029452121635547445777092434582300484180450439453125 -0.09551119358132975634134709252975881099700927734375 -0.588350744169065631439252683776430785655975341796875 3.8223325497580784571027834317646920680999755859375
0.008958556187160814088255023079909733496606349945068359375 -0.98503287462852762157439201473607681691646575927734375 0.172133537135010616925256954345968551933765411376953125 1.49848900138177754115531570278108119964599609375
-0.5959855120241603909647665204829536378383636474609375 -0.1434845745288575447062839884893037378787994384765625 -0.7900717982117650972639921747031621634960174560546875 0.8946379667311588068656647010357119143009185791015625
0.80880736307026779297046914507518522441387176513671875 -0.09720669313778440567830330110155045986175537109375 -0.57998405861931789928576108650304377079010009765625 3.819646277661973954309360124170780181884765625
0.008747816596835787661401440118424943648278713226318359375 -0.98414599713114458978679977008141577243804931640625 0.17714430973091588317203104452346451580524444580078125 1.5011517997811922864315192782669328153133392333984375
-0.588008609763559064731452963314950466156005859375 -0.14834921810656542806583502169814892113208770751953125 -0.79513419265624418752480551120243035256862640380859375 0.9049624926804380464773203129880130290985107421875
0.81015761715469880588358364548184908926486968994140625 -0.10670996373959351632976222390425391495227813720703125 -0.57641792044046891163588952622376382350921630859375 3.836686550816803986663217074237763881683349609375
0.0088799728604934090314682038069804548285901546478271484375 -0.980945617388830459759674340602941811084747314453125 0.1940794070532785020599675362973357550799846649169921875 1.4703272726954776938868008073768578469753265380859375
-0.58614484682225909129016372389742173254489898681640625 -0.16235348752221767654191353358328342437744140625 -0.7937729925067262826132719055749475955963134765625 0.9022627932564806219062347736326046288013458251953125
0.81415484367153501121805447837687097489833831787109375 -0.11224104481145778799966450378633453510701656341552734375 -0.5696962685377273682973964241682551801204681396484375 3.84077459236620466498379755648784339427947998046875
0.002914761324563530653364296085783280432224273681640625 -0.9803366909998325606778735163970850408077239990234375 0.19731054427077288071501470767543651163578033447265625 1.4724840468621296363238570847897790372371673583984375
-0.58064050383667653587593804331845603883266448974609375 -0.162301866050461984780639568270999006927013397216796875 -0.79781871974830742555440110663766972720623016357421875 0.9100370105741728554704650377971120178699493408203125
0.81662716806851509687703583040274679660797119140625 -0.118042116142844488724250595623743720352649688720703125 -0.56496559823489789220474222020129673182964324951171875 3.844108502117210779402967091300524771213531494140625
0.0009522142850126695534651588559427182190120220184326171875 -0.97858541550756494853402500666561536490917205810546875 0.205838898846527451613752646153443492949008941650390625 1.4651010741138694726259927847422659397125244140625
-0.5771647612782848657531076241866685450077056884765625 -0.168631607512136183490980556598515249788761138916015625 -0.7990270454036292324673240727861411869525909423828125 0.909801197478417922326343614258803427219390869140625
0.82326960575061469693736171393538825213909149169921875 -0.1186319620427072341062313398651895113289356231689453125 -0.55511585622203674095231917817727662622928619384765625 3.83188569229936160098759501124732196331024169921875
0.0012269234452782322442043749788354034535586833953857421875 -0.9775441043528285689490076038055121898651123046875 0.2107272956652623541184965461070532910525798797607421875 1.4643054590465605091509360136114992201328277587890625
-0.56764923227946384454156714127748273313045501708984375 -0.1741664645084039231281991533251130022108554840087890625 -0.8046368073442689006213868196937255561351776123046875 0.919255018125740175349847049801610410213470458984375
0.822143636731108795601130623253993690013885498046875 -0.11950114367670787440811608348667505197227001190185546875 -0.55659618867048077373027581415954045951366424560546875 3.8548556375633129533753162831999361515045166015625
-0.0031164001197759270966880507103269337676465511322021484375 -0.9786494678320034612539757290505804121494293212890625 0.20551272855212376899913806482800282537937164306640625 1.491241597899302551155642504454590380191802978515625
-0.5692715772186407452437606480089016258716583251953125 -0.1672264077549492633512073780366335995495319366455078125 -0.8049628562364705697262934336322359740734100341796875 0.910882738521824109056979068554937839508056640625
0.8256022162826968102677938077249564230442047119140625 -0.1168200871567885157364941051127971149981021881103515625 -0.55202721645384411619517095459741540253162384033203125 3.8547897326932467620963507215492427349090576171875
-0.0045106149372536215313989060859967139549553394317626953125 -0.97966864181575363801357525517232716083526611328125 0.200571635657371849514873929365421645343303680419921875 1.513715985480780457095306701376102864742279052734375
-0.56423455655980914169589368611923418939113616943359375 -0.1631024067987611736452180366541142575442790985107421875 -0.80934354268147890021367629742599092423915863037109375 0.91125413157283929876939509995281696319580078125
0.8271270397965662102279793543857522308826446533203125 -0.1237686475820270193270999925516662187874317169189453125 -0.54821727618991122898961521059391088783740997314453125 3.8567499195965790903528613853268325328826904296875
-0.0080811988127819957272723883079379447735846042633056640625 -0.97796785356830928659377377698547206819057464599609375 0.208599007781081369206077624767203815281391143798828125 1.4904782472121791414565450395457446575164794921875
-0.56195689714788155111335754554602317512035369873046875 -0.168107629157851323764560902418452315032482147216796875 -0.809903865138851930538521628477610647678375244140625 0.9074297236686279521933329306193627417087554931640625
0.8302346826087740883082233267487026751041412353515625 -0.130928948740046846577200767569593153893947601318359375 -0.541819141573398166400465925107710063457489013671875 3.862001070310934647267231412115506827831268310546875
-0.01059762803061847780128346130368299782276153564453125 -0.975554705852643255781231346190907061100006103515625 0.2195009808711489707189201681103440932929515838623046875 1.4551673118109940130437962579890154302120208740234375
-0.55731325307983026196012588115991093218326568603515625 -0.176495331719704051653963006174308247864246368408203125 -0.8113268982492376490966989877051673829555511474609375 0.9086831514800970399647894737427122890949249267578125
0.835010518096506171303872179123573005199432373046875 -0.12288046375364357343240584441446117125451564788818359375 -0.5363374183253426519257800464401952922344207763671875 3.85588355402276850014686715439893305301666259765625
-0.01237873676246213638929560829637921415269374847412109375 -0.9786927857649085904512276101741008460521697998046875 0.204956513442236476496560726445750333368778228759765625 1.4849678132145400777375243706046603620052337646484375
-0.5500947205036215148510336803155951201915740966796875 -0.16450166686213041344899465912021696567535400390625 -0.81873988547866860532309374320902861654758453369140625 0.912278200111241499570269297691993415355682373046875
0.83844686503521181908382686742697842419147491455078125 -0.1231572260535890028787520122932619415223598480224609375 -0.53088525331130664852707923273555934429168701171875 3.854555921925989281362490146420896053314208984375
-0.0125972613076303675827549710675157257355749607086181640625 -0.978250558944157688756604329682886600494384765625 0.20704378128188150043342830031178891658782958984375 1.462273473910518095664201609906740486621856689453125
-0.54483774052584121871944944359711371362209320068359375 -0.1669075112140357697310122375711216591298580169677734375 -0.821762568628574552320742441224865615367889404296875 0.9140117630063857578903707690187729895114898681640625
0.8466200615099435111687853350304067134857177734375 -0.11515243944343241111472053717079688794910907745361328125 -0.51959059569927334987227141027688048779964447021484375 3.837743711482612951613191398791968822479248046875
-0.017027733615245864429166289255590527318418025970458984375 -0.98167225204632568846818685415200889110565185546875 0.189814699864717051358553590034716762602329254150390625 1.4825434060208839692762694539851509034633636474609375
-0.531925302753308404390963914920575916767120361328125 -0.1518534845635085284154541795942350290715694427490234375 -0.83306421812290165629377725053927861154079437255859375 0.9277162995657846078501052033971063792705535888671875
0.850568176701463674049819019273854792118072509765625 -0.1109491962602323911202262252118089236319065093994140625 -0.5140272878281419988155676037422381341457366943359375 3.8380330848900765516873434535227715969085693359375
-0.0213360334088284926690182174979781848378479480743408203125 -0.98396567878163665454849251545965671539306640625 0.177077076700175084500443745127995498478412628173828125 1.4896797083668642525111636132351122796535491943359375
-0.5254317752325581292183187542832456529140472412109375 -0.139648824663437809423527369290241040289402008056640625 -0.8392971198247274333681389180128462612628936767578125 0.9225111938992063276288035922334529459476470947265625
0.851741152652176314319376615458168089389801025390625 -0.1083671372519356967956127846264280378818511962890625 -0.51263395560825075758515367851941846311092376708984375 3.850800922724186392542833345942199230194091796875
-0.02795799472384309647399192044758819974958896636962890625 -0.98638436363884707258620210268418304622173309326171875 0.162062371123951665108364750267355702817440032958984375 1.502201283479916327223691041581332683563232421875
-0.52321635998541449197318797814659774303436279296875 -0.12370297493776467867565571623345022089779376983642578125 -0.8431738934734400725545810928451828658580780029296875 0.9151473303210189147449682423030026257038116455078125
0.85565595094429569567040516631095670163631439208984375 -0.10426312969088635806969023178680799901485443115234375 -0.50693401286624484303189319689408876001834869384765625 3.846264240127282629799765345524065196514129638671875
-0.03181279195977955442931062179923173971474170684814453125 -0.98824095074458717657961415170575492084026336669921875 0.14955849682872390804533324626390822231769561767578125 1.5076379108591329014643633854575455188751220703125
-0.5165663943940705937762913890765048563480377197265625 -0.11184363296679988852844189750612713396549224853515625 -0.8489111625768017699300571621279232203960418701171875 0.9120966101362106837058263408835045993328094482421875
0.8597576347495456960956516923033632338047027587890625 -0.09846453286559155027024559103665524162352085113525390625 -0.50112029020727877348662104850518517196178436279296875 3.840941967428574965737197999260388314723968505859375
-0.032400556826959581169234070330276153981685638427734375 -0.98977741548477482513845870926161296665668487548828125 0.138891490553207430647120190769783221185207366943359375 1.5022820117309121368265323326340876519680023193359375
-0.50967343793969366316787272808142006397247314453125 -0.1031764442837393158658443326203268952667713165283203125 -0.854159006276757448716807630262337625026702880859375 0.9136303036960711221325937003712169826030731201171875
0.862399893505095160861628755810670554637908935546875 -0.09035845844660583825458388673723675310611724853515625 -0.49809815565765058753555649673216976225376129150390625 3.8411100230311365777424725820310413837432861328125
-0.031716993080097170831788133682493935339152812957763671875 -0.99165237745265699675911719168652780354022979736328125 0.12497827441983418161886021380269085057079792022705078125 1.492707192138478689003022736869752407073974609375
-0.5052330709368515471169303054921329021453857421875 -0.0919830759697089217485910239702207036316394805908203125 -0.8580668142789751318133539825794287025928497314453125 0.9109486464051939069719310282380320131778717041015625
0.866202067961285404606996962684206664562225341796875 -0.07905824363563469792115512291275081224739551544189453125 -0.493400214402913650513227139526861719787120819091796875 3.8408763409717749937044573016464710235595703125
-0.0337355877753524324713652049467782489955425262451171875 -0.99440433564782948483440350173623301088809967041015625 0.10010944908828380006671210367130697704851627349853515625 1.5054569801227177805458268267102539539337158203125
-0.4985537960009629454560808881069533526897430419921875 -0.0700698664770544876745361762004904448986053466796875 -0.864022179289928971002154867164790630340576171875 0.903932169932980311699566300376318395137786865234375
0.86860930048133422332057307357899844646453857421875 -0.07400679258199686916253057233916479162871837615966796875 -0.4899396674786113958788291711243800818920135498046875 3.8475910029369249087949356180615723133087158203125
-0.03516221152597208410295337444040342234075069427490234375 -0.99549667443073486250426640253863297402858734130859375 0.08803388275237732096822895755394711159169673919677734375 1.49138397462397609416484556277282536029815673828125
-0.494248421265552462244841080973856151103973388671875 -0.05923968785059675890014574406450265087187290191650390625 -0.8672999235903764425614781430340372025966644287109375 0.8935471130412564466638514204532839357852935791015625
0.87480730940099082904026772666838951408863067626953125 -0.059958289781027851450545540501479990780353546142578125 -0.48074647674749837467089719211799092590808868408203125 3.83892118317321351383952787728048861026763916015625
-0.034242883113372195313939272409697878174483776092529296875 -0.997482704034995837361066151061095297336578369140625 0.06209391710647858830807166441445588134229183197021484375 1.50811863360247055965146500966511666774749755859375
-0.48325934683428239946323401454719714820384979248046875 -0.03785806762758663068790809802521835081279277801513671875 -0.87465831638006374948446364214760251343250274658203125 0.8876006446708626373975903334212489426136016845703125
0.881547735314867519917925164918415248394012451171875 -0.04845711620176788858582739294433849863708019256591796875 -0.4696014248813948910310500650666654109954833984375 3.830443349015496323772822506725788116455078125
-0.0338287804241219347556324237302760593593120574951171875 -0.99864502439066882288898341357707977294921875 0.03954368861507706611746471025981009006500244140625 1.5124369306165912352213354097330011427402496337890625
-0.47088130553799667499248471358441747725009918212890625 -0.0189736058979847743710678287243354134261608123779296875 -0.8819925160533166330623089379514567553997039794921875 0.8862396342322729214657783813891001045703887939453125
0.88770935179668608583369859843514859676361083984375 -0.035990080313740679951450829321402125060558319091796875 -0.4589954475283144486041919662966392934322357177734375 3.820118218079887828508844904717989265918731689453125
-0.031839389333611779753230308642741874791681766510009765625 -0.99935209439149030874460777340573258697986602783203125 0.0167815123488251061178999634648789651691913604736328125 1.52160998718531548234977890388108789920806884765625
-0.4593020356519417202179056403110735118389129638671875 -0.0002829706967513445636797086990554817020893096923828125 -0.8882801134628464101439249134273268282413482666015625 0.8809072761566560938462089325184933841228485107421875
0.89203698217225302347088700116728432476520538330078125 -0.02465625630887514907474411529619828797876834869384765625 -0.451289365553688093246620383069966919720172882080078125 3.815687893796631424692122891428880393505096435546875
-0.02640345360250943851365690306920441798865795135498046875 -0.9996484120195765488148254007683135569095611572265625 0.00242578216418425085532106777463923208415508270263671875 1.51187542372651773092684379662387073040008544921875
-0.4511905141113097261751363475923426449298858642578125 0.0097517105482101962277141637969180010259151458740234375 -0.8923743744176857450867146326345391571521759033203125 0.8757231187059215660184463558834977447986602783203125
0.8975715867796354441310313632129691541194915771484375 -0.0143265784936477402755627963415463455021381378173828125 -0.44063589930298763253091465230681933462619781494140625 3.801439638121764108547040450503118336200714111328125
-0.02284879910700465810435844105086289346218109130859375 -0.99964031262007801981184229589416645467281341552734375 -0.01404108965534807407227191333731752820312976837158203125 1.5094542414581979539178746563266031444072723388671875
-0.440276252985723315358512763850740157067775726318359375 0.02267088455437034355544057007136871106922626495361328125 -0.8975760981946734329284254272351972758769989013671875 0.8771521848547074728941197463427670300006866455078125
0.90192321947046683039417303007212467491626739501953125 -0.0077044695732934875831432464110548608005046844482421875 -0.4318276824482445430675170428003184497356414794921875 3.789749418161157290541041220421902835369110107421875
-0.02156837281185987331699749347535544075071811676025390625 -0.9993968165462752129002410583780147135257720947265625 -0.02721732547346451813741197156559792347252368927001953125 1.49762191114669906966128110070712864398956298828125
-0.4313575215932881068425785997533239424228668212890625 0.0338617586947741189273841655449359677731990814208984375 -0.90154537870425188739176292074262164533138275146484375 0.880188351344401542775131019880063831806182861328125
0.90598775046216406536814247374422848224639892578125 -0.001237908626747497020659238842199556529521942138671875 -0.4233020949567094515231246987241320312023162841796875 3.776156200220257996846839887439273297786712646484375
