0.65882466388619242980695389633183367550373077392578125 0.062683859127425856083704047705396078526973724365234375 -0.74968046263734178236148864016286097466945648193359375 3.720587899205276105618622750625945627689361572265625
-0.01238694242229514998199224606878487975336611270904541015625 -0.9954835685580716297948811188689433038234710693359375 -0.0941221994515441806594679974296013824641704559326171875 1.59547814225092121631632835487835109233856201171875
-0.7521945399440357338249896201887167990207672119140625 0.071296276568155014796701607338036410510540008544921875 -0.6550726791936123394322066815220750868320465087890625 0.546386187044577642524245675303973257541656494140625
0.662405329004882137411414078087545931339263916015625 0.062796183874619104781089617972611449658870697021484375 -0.746509088622984595673415242345072329044342041015625 3.7137309950009420589367437059991061687469482421875
-0.00940052282470195225971831831657254952006042003631591796875 -0.9957053723779332177201695230905897915363311767578125 -0.092099954558220675782109765350469388067722320556640625 1.58882000239743437219885890954174101352691650390625
-0.74908665071841351590364865842275321483612060546875 0.06802507778601811494478823760800878517329692840576171875 -0.65897024098791889823445444562821649014949798583984375 0.5569536199669489207053629797883331775665283203125
0.6640025742458435242809855481027625501155853271484375 0.0659429910536604990678455351371667347848415374755859375 -0.74481682535089810404116406061802990734577178955078125 3.710675249860656332856478911708109080791473388671875
-0.00855204932962909392113459716711076907813549041748046875 -0.9953686608072711550221356446854770183563232421875 -0.0957499429570899118768778635057969950139522552490234375 1.5954070868625451762312650316744111478328704833984375
-0.7476813785662488331951180953183211386203765869140625 0.06994792023685360293772106388132669962942600250244140625 -0.660363418580869332430438589653931558132171630859375 0.5584171371341863920889636574429459869861602783203125
0.66377437937641803333832513089873827993869781494140625 0.061278216780718923473170178795044193975627422332763671875 -0.74541837476119854333234115983941592276096343994140625 3.7182266184268417674729789723642170429229736328125
-0.005803215628588130788056975717381646973080933094024658203125 -0.9961860988819399853611002981779165565967559814453125 -0.0870605486086122037914236670985701493918895721435546875 1.5730897790612987652281162809231318533420562744140625
-0.74791035290173046856665450832224451005458831787109375 0.06211438642410860300202557482407428324222564697265625 -0.66088721202756339767603321888600476086139678955078125 0.5646903315055833427749121256056241691112518310546875
0.66418887228155687463271306114620529115200042724609375 0.06304292735381659962268230401605251245200634002685546875 -0.74490182658388970349250257640960626304149627685546875 3.716544811773064171944724876084364950656890869140625
-0.0065964761307635011444716610640170983970165252685546875 -0.9959047341803828334860781978932209312915802001953125 -0.09016766039462249804348203952031326480209827423095703125 1.5772787908234036091670304813305847346782684326171875
-0.7475357037937160331608765773125924170017242431640625 0.06480208508729758121180708485553623177111148834228515625 -0.66105299433704411971035597161971963942050933837890625 0.5595304783978842788627616755547933280467987060546875
0.6654380897707448117017747790669091045856475830078125 0.06453727267726040717210622688071453012526035308837890625 -0.74365791135282310886367440616595558822154998779296875 3.71634409410542598806159730884246528148651123046875
-0.0080689907031549525096014718883452587760984897613525390625 -0.99557530041828190547903432161547243595123291015625 -0.0936198303104778528638263423999887891113758087158203125 1.582987748637842972954103970550931990146636962890625
-0.74640943193304687408584641161723993718624114990234375 0.06829877118406486868895655106825870461761951446533203125 -0.6619729887058329875770823491620831191539764404296875 0.560137531977440428221370893879793584346771240234375
0.6655608426971781899084135147859342396259307861328125 0.065979300738204404996878338351962156593799591064453125 -0.74342147974235961438438380355364643037319183349609375 3.71580614057275848693961961544118821620941162109375
-0.00909163865547603540495646967656284687109291553497314453125 -0.99529409144420089017302188949543051421642303466796875 -0.096472657702084629871563947745016776025295257568359375 1.587855403972749712693257606588304042816162109375
-0.74628821964617497730642980968696065247058868408203125 0.0709673442378547514319819811134948395192623138427734375 -0.661828927494989560642579817795194685459136962890625 0.5583782768655083383890769255231134593486785888671875
0.66583738205663556275482051205472089350223541259765625 0.0656080456760728403242666217920486815273761749267578125 -0.74320667717569144361533517439966090023517608642578125 3.71662432037846190979735183645971119403839111328125
-0.00886732304189079278966545416551525704562664031982421875 -0.99535996957583983135720018253778107464313507080078125 -0.09581159423230821425843117822296335361897945404052734375 1.5849901680076101673222410681773908436298370361328125
-0.74604420193833276275796606569201685488224029541015625 0.070385196173970931976526799189741723239421844482421875 -0.662166121840847221591275229002349078655242919921875 0.5593464678111723653586295768036507070064544677734375
0.66549518118246331344067812096909619867801666259765625 0.0658499618251427165649403150382568128407001495361328125 -0.74349172581175893004257204665918834507465362548828125 3.718534284787873733790775077068246901035308837890625
-0.0101146423643251708035517566486305440776050090789794921875 -0.9952136316349131650582648944691754877567291259765625 -0.097198155636677496804765041815699078142642974853515625 1.588361396522715462964470134465955197811126708984375
-0.7463336102850461895030775849591009318828582763671875 0.0722050585460635996337686037804814986884593963623046875 -0.66164384050578772811235239714733324944972991943359375 0.5580119428765109024226376277511008083820343017578125
0.66572386869619537552722476902999915182590484619140625 0.0649293233141153558474201190620078705251216888427734375 -0.74336795305026581726082213208428584039211273193359375 3.71839730318667616160155375837348401546478271484375
-0.009280347494608702507701281092522549442946910858154296875 -0.995409636197881919628116520470939576625823974609375 -0.095254875760048152155690104336827062070369720458984375 1.5842369252770556187215333920903503894805908203125
-0.7461404732398075889676647420856170356273651123046875 0.0703121587286089921864373764037736691534519195556640625 -0.6620654004918236079646476355264894664287567138671875 0.5613048972514567136471441699541173875331878662109375
0.66515364033746660066270806055399589240550994873046875 0.0663053913506340408812178566222428344190120697021484375 -0.74375683514415891206539299673750065267086029052734375 3.71848183207183158316411208943463861942291259765625
-0.009357705375908638434356845436923322267830371856689453125 -0.99523131030963007948031417981837876141071319580078125 -0.09709290587245340831135109738170285709202289581298828125 1.592070252784496542375336503027938306331634521484375
-0.74664788763105416347087839312735013663768768310546875 0.0715415585559571187701521921553649008274078369140625 -0.66136127592675786335263410364859737455844879150390625 0.560650069428628494705435514333657920360565185546875
0.6648898206777336117312415808555670082569122314453125 0.064332229620162217909040691665722988545894622802734375 -0.7441659025991651521536596192163415253162384033203125 3.7195886838895848569563895580358803272247314453125
-0.00833893270115297624567318734989385120570659637451171875 -0.99558269464816462335221558532794006168842315673828125 -0.093517486919760361985254348837770521640777587890625 1.590925254102190766758440076955594122409820556640625
-0.7468948979394640641515934476046822965145111083984375 0.068384375854854961840345595192047767341136932373046875 -0.6614163503958299106244567155954428017139434814453125 0.562134550935444732289170133299194276332855224609375
0.663965967330040651717126820585690438747406005859375 0.0616041122871638091584856056215357966721057891845703125 -0.74522085825397710312500976215233094990253448486328125 3.724105130260683349519013063400052487850189208984375
-0.006359020376674721745924312443776216241531074047088623046875 -0.9960993799744120025252414052374660968780517578125 -0.08800879567249876578305389784873113967478275299072265625 1.59164410976899173277843146934174001216888427734375
-0.7477357535209332439762874855659902095794677734375 0.0631737210371730306679438626815681345760822296142578125 -0.6609843597822868677127416958683170378208160400390625 0.5625170591365906691549980678246356546878814697265625
0.66413910049230207022219474310986697673797607421875 0.057603646309986968054861478094608173705637454986572265625 -0.7453865273326785167995467418222688138484954833984375 3.722576611081166220174054615199565887451171875
-0.004349764429930887653374949053386444575153291225433349609375 -0.996712564040223458761147412587888538837432861328125 -0.080901818737591557617605531049775891005992889404296875 1.5931276423026317079489899697364307940006256103515625
-0.7475963715476832138762119939201511442661285400390625 0.056972318065987105628611431029639788903295993804931640625 -0.66170523665974290139502045349217951297760009765625 0.5620948343007048375596923506236635148525238037109375
0.66725151113069702812907735278713516891002655029296875 0.05124342568122468299929295199035550467669963836669921875 -0.74306764982621487103386925809900276362895965576171875 3.716726956768007017473109954153187572956085205078125
-0.0006903958855486967693959599046138464473187923431396484375 -0.99758757047102430970397790588322095572948455810546875 -0.069415579206132616008062541368417441844940185546875 1.592166999148662664964604118722490966320037841796875
-0.74483215844118511039795293982024304568767547607421875 0.04683066190507555182076515620792633853852748870849609375 -0.6656064489301301012602607443113811314105987548828125 0.57110149450542468940739126992411911487579345703125
0.66478135648988134764891810846165753901004791259765625 0.043459667053555313398494064358601463027298450469970703125 -0.74577275721433233801604956170194782316684722900390625 3.731749065031337853071136123617179691791534423828125
-0.00098691783151411377299211391544986327062360942363739013671875 -0.99825435942290219326622491280431859195232391357421875 -0.05905268772585482717207838732065283693373203277587890625 1.59918133290176722738351600128225982189178466796875
-0.747037331100555146434771813801489770412445068359375 0.039993143082156755452327701050307950936257839202880859375 -0.66357800931659094434422740960144437849521636962890625 0.563852086063991730924271905678324401378631591796875
0.6676629256073749463240574186784215271472930908203125 0.03573746411836607739243021342190331779420375823974609375 -0.74360544069270329003984443261288106441497802734375 3.7270962068949291534636358846910297870635986328125
0.003456318804388494071722082168207634822465479373931884765625 -0.9989851455204938890375387927633710205554962158203125 -0.0449076043783543654708267922615050338208675384521484375 1.594347050655246622596905581303872168064117431640625
-0.7444556881540915771466870864969678223133087158203125 0.027413005601253141729767293099939706735312938690185546875 -0.667108878294183416102214323473162949085235595703125 0.5693487208932281884443682429264299571514129638671875
0.6711314707703339710320733502157963812351226806640625 0.02549825177042695789619841661988175474107265472412109375 -0.74089971527751352642354731870000250637531280517578125 3.7323787007132462889558155438862740993499755859375
0.006255614430312902117525819534193942672573029994964599609375 -0.99956750377023606546345035894773900508880615234375 -0.02873382564019320850601246775113395415246486663818359375 1.5853348230903641091771305582369677722454071044921875
-0.741311956075461520043745622388087213039398193359375 0.01464939200514192574331673313281498849391937255859375 -0.67100072957743694956889157765544950962066650390625 0.577422669404690669381352563505060970783233642578125
0.676425596893656777552905623451806604862213134765625 0.01805665216680520102077167621246189810335636138916015625 -0.7362895960011843765613548384862951934337615966796875 3.731084442919791133164153507095761597156524658203125
0.00708170742268031394583971405154443345963954925537109375 -0.99981264733128261124051050501293502748012542724609375 -0.01801332000699597257753481471809209324419498443603515625 1.5935088599082594118527822502073831856250762939453125
-0.73647692514849694145340208706329576671123504638671875 0.006970483379790615163784650576417334377765655517578125 -0.6764267521951412565073269433923996984958648681640625 0.5828683387899531442855050045181997120380401611328125
0.6830297178188098339290945659740827977657318115234375 0.008126374276069492363916424437775276601314544677734375 -0.7303453748860757599459248012863099575042724609375 3.729959570728350826129826600663363933563232421875
0.0113051799853610725199448694411330507136881351470947265625 -0.99993592136609599219099209221894852817058563232421875 -0.000553270745431266863789687704411335289478302001953125 1.591851522271671370845069759525358676910400390625
-0.730303086028315728839288567542098462581634521484375 -0.007878785710846880618873910862021148204803466796875 -0.683077833978852577700990877929143607616424560546875 0.5930701046037929469179061925387941300868988037109375
0.688614025563351273007128838798962533473968505859375 -0.0027996512650396432331234564117039553821086883544921875 -0.7251226694499564029428029243717901408672332763671875 3.732689486413938606546025766874663531780242919921875
0.01454020016255839868601906772482834639959037303924560546875 -0.99973815700215118429383664988563396036624908447265625 0.017668051801419559776462619993253611028194427490234375 1.592280092953175962833256562589667737483978271484375
-0.724982280024637049109514919109642505645751953125 -0.02270989748477758585210040109814144670963287353515625 -0.6883930230664090377246111529530026018619537353515625 0.5982671463483735241339900312596000730991363525390625
0.69527045212588378664264610051759518682956695556640625 -0.0162454867224353927124269603154971264302730560302734375 -0.7185645987396125367041577192139811813831329345703125 3.7332866842751837310743212583474814891815185546875
0.020324019209585660050709776669464190490543842315673828125 -0.998900372486383414383226408972404897212982177734375 0.0422485518215152955345814689280814491212368011474609375 1.576471736172142090737224862095899879932403564453125
-0.71846080797857247990378937174682505428791046142578125 -0.0439782913133789643556070814156555570662021636962890625 -0.69417575389229224658294015171122737228870391845703125 0.6075757430590014163129808366647921502590179443359375
0.70184389123282375777534980443306267261505126953125 -0.0291304961705386722403687826954410411417484283447265625 -0.71173489905443487746339314981014467775821685791015625 3.73584935751578317564280951046384871006011962890625
0.021368447137339256769461570684143225662410259246826171875 -0.9978527928483311715268655461841262876987457275390625 0.061912464924334553728613173007033765316009521484375 1.572526190086567243753279399243183434009552001953125
-0.71201021183698742778034329603542573750019073486328125 -0.0586615560365751076421503285018843598663806915283203125 -0.699714427522554416327693616040050983428955078125 0.6130779322101529427158084217808209359645843505859375
0.70817902649003183768172675627283751964569091796875 -0.04277208669426925402579087176491157151758670806884765625 -0.704736131498484130730730612413026392459869384765625 3.7397083415997531830043953959830105304718017578125
0.024712385197638041256507079879156663082540035247802734375 -0.99605000047272274077414522253093309700489044189453125 0.0852857234091101978901150459932978264987468719482421875 1.5558451073616994531079171792953275144100189208984375
-0.70560028656508910760436492637381888926029205322265625 -0.07781327287630490641134883844642899930477142333984375 -0.7043247334600295506135125833679921925067901611328125 0.62276964054100947265624199644662439823150634765625
0.71402251555479967493056392413564026355743408203125 -0.052508940328585496093438678144593723118305206298828125 -0.69815088517194123785003512239200063049793243408203125 3.74436571683445240665832898230291903018951416015625
0.0233830510235575432520516159229373442940413951873779296875 -0.99483869061982288517498318469733931124210357666015625 0.0987378985595125102658897731089382432401180267333984375 1.5637041866874488160732425967580638825893402099609375
-0.69973214886335544093753924244083464145660400390625 -0.08682598221490256396037921149400062859058380126953125 -0.70910941938426430564135216627619229257106781005859375 0.6275123458890659033926340271136723458766937255859375
0.7217310078423679886583386178244836628437042236328125 -0.0609583452301052097777045446491683833301067352294921875 -0.68948417854628640810688011697493493556976318359375 3.7424254556963081341791621525771915912628173828125
0.02373632510459937339231117903182166628539562225341796875 -0.993348896083236621024070700514130294322967529296875 0.112669949685026915542351844123913906514644622802734375 1.5653847578682602570410153930424712598323822021484375
-0.691766535136820959195347313652746379375457763671875 -0.0976832189078236934332011287551722489297389984130859375 -0.7154837871039452235066846697009168565273284912109375 0.635098260313295082113427270087413489818572998046875
0.73016431869770304086131318399566225707530975341796875 -0.0683907901880593527277341081571648828685283660888671875 -0.67984025146954352170070023930747993290424346923828125 3.7411549179157805866680064355023205280303955078125
0.024781347224074094792722888769276323728263378143310546875 -0.99167275810249744250057801764342002570629119873046875 0.1263763653078698034892823898189817555248737335205078125 1.5658008511947105745321096037514507770538330078125
-0.6828220503707445043772850112873129546642303466796875 -0.109122872183286367953058970670099370181560516357421875 -0.72238926230527711336293350541382096707820892333984375 0.6468153400365357352796991108334623277187347412109375
0.738209690547084296241564516094513237476348876953125 -0.079564341125803295096119427398662082850933074951171875 -0.66986264890915891978551144347875379025936126708984375 3.740554637450857367042544865398667752742767333984375
0.0238692757409064426621370103021035902202129364013671875 -0.9893169713999945269478075715596787631511688232421875 0.1438128916920507760490721693713567219674587249755859375 1.555407282000537794175443195854313671588897705078125
-0.67414887851472382607198596815578639507293701171875 -0.122153208988559691672293183728470467031002044677734375 -0.72842424666614247197315989978960715234279632568359375 0.65328176867520237891540091368369758129119873046875
0.7444419773569974640992086278856731951236724853515625 -0.087600198071028867463638789558899588882923126220703125 -0.66191566505614629623011069270432926714420318603515625 3.746796437953833436296235959162004292011260986328125
0.02481610995215154102933041713185957632958889007568359375 -0.98704085959274767692051000267383642494678497314453125 0.1585385196806605723196526014362461864948272705078125 1.5468484835188309745035439846105873584747314453125
-0.66722582607158165135530225597904063761234283447265625 -0.1344489036876099496975456304426188580691814422607421875 -0.73262076773750772762383576264255680143833160400390625 0.6586206340658993241277130437083542346954345703125
0.75128120212287996526612232628394849598407745361328125 -0.093555781954011651979641328580328263342380523681640625 -0.6533175881604396106894228068995289504528045654296875 3.7492136227857457697609788738191127777099609375
0.0280355826621538108123221633150023990310728549957275390625 -0.9844842606255739259069059698958881199359893798828125 0.1732186673733319415280362818521098233759403228759765625 1.5358889266141637630624927624012343585491180419921875
-0.6593865037830770603477503755129873752593994140625 -0.14845207086784828476311304257251322269439697265625 -0.73700164266016210401488706338568590581417083740234375 0.6645692899967634570401742166723124682903289794921875
0.7580860772427253646554845545324496924877166748046875 -0.097295328188208907160827720872475765645503997802734375 -0.64485588979514296692485686435247771441936492919921875 3.74573306731647814871166701777838170528411865234375
0.0262293365657342292251996695995330810546875 -0.9834595594294353038122835641843266785144805908203125 0.1792185172114329205772520481332321651279926300048828125 1.543142922356051993659775689593516290187835693359375
-0.65162682674198457721814747856114991009235382080078125 -0.1527772079042965247541729922886588610708713531494140625 -0.7429950224699617411516783249680884182453155517578125 0.6692984494691651686792965847416780889034271240234375
0.7669903532078057306620166855282150208950042724609375 -0.100461302840622990206753684105933643877506256103515625 -0.63374547313391549341332620315370149910449981689453125 3.739626850928463142054170020855963230133056640625
0.02688374906930070251664943725700140930712223052978515625 -0.981769197573636009934716639691032469272613525390625 0.1881660616925383833208940131953568197786808013916015625 1.54008827504054579549119807779788970947265625
-0.64109520514130113877371286434936337172985076904296875 -0.1613590116166687682408564796787686645984649658203125 -0.75030674214945236588647503594984300434589385986328125 0.682772725187181794836988046881742775440216064453125
0.7729591321916078339171463085222057998180389404296875 -0.1066789633912569590368235594723955728113651275634765625 -0.6254228799231473789888013925519771873950958251953125 3.73716768687769107515350697212852537631988525390625
0.0240659190550764935656591347878929809667170047760009765625 -0.98012340521401697390757590255816467106342315673828125 0.1969235946579208917928127675622818060219287872314453125 1.535621918356964155094601665041409432888031005859375
-0.63399922038131728552201593629433773458003997802734375 -0.167265270580114699949803025447181425988674163818359375 -0.75502802452203232608241023626760579645633697509765625 0.6857832304502415876612531064893119037151336669921875
0.777421650893490578937417012639343738555908203125 -0.10637853297561339349641684748348779976367950439453125 -0.61991869180078473799966332080657593905925750732421875 3.738722679351305533401728098397143185138702392578125
0.025347906537734783694038043222462874837219715118408203125 -0.97949445963673797965753919925191439688205718994140625 0.19987007584021032613463830784894526004791259765625 1.546635260230809993942102664732374250888824462890625
-0.628468822054133458010483082034625113010406494140625 -0.1710969688030722635208036308540613390505313873291015625 -0.75878374190034569846119438807363621890544891357421875 0.6870966245078167222715137540944851934909820556640625
0.78419516189446680787256127587170340120792388916015625 -0.1046751881842537257316649856875301338732242584228515625 -0.61162165841302762459008590667508542537689208984375 3.73282890226965946567361243069171905517578125
0.026136028607879509266798123690023203380405902862548828125 -0.97922233022113525091612018513842485845088958740234375 0.2010982248707842978685533807947649620473384857177734375 1.5613659187254798066391003885655663907527923583984375
-0.61996359248326393664996203369810245931148529052734375 -0.17368561964084350268677781059523113071918487548828125 -0.76516563535304005227999368798919022083282470703125 0.6990697350832253409436134461429901421070098876953125
0.78885723966394161177362320813699625432491302490234375 -0.10696098829705646959808973406325094401836395263671875 -0.605197159950626062396850102231837809085845947265625 3.7344344729138452265715386602096259593963623046875
0.027228095943955199498276442682254128158092498779296875 -0.9776890246294815955963031228748150169849395751953125 0.20828528981088023641632389626465737819671630859375 1.558199044994315496381886987364850938320159912109375
-0.61397303373335798681864616810344159603118896484375 -0.180785728730942896191891122725792229175567626953125 -0.7683447365183668775756586910574696958065032958984375 0.7050898794594611107555692797177471220493316650390625
0.79457990579988957424717455069185234606266021728515625 -0.107318837726739502169692741517792455852031707763671875 -0.597599732570238462159295522724278271198272705078125 3.732180279084847285275827744044363498687744140625
0.0255518474352721576547953219460396212525665760040283203125 -0.977472194042847686290542696951888501644134521484375 0.2095117490905671342460436790133826434612274169921875 1.5705899191494110400668660076917149126529693603515625
-0.60662169127725829032016235942137427628040313720703125 -0.1817436066814679118675002200689050368964672088623046875 -0.77393758475882956648916888298117555677890777587890625 0.7172656620942017280384561672690324485301971435546875
0.798053023475600920022543505183421075344085693359375 -0.1140403724970229237811736311414279043674468994140625 -0.5916976974454037918604853985016234219074249267578125 3.734498060163610855255456044687889516353607177734375
0.0230443170009762242356199379855752340517938137054443359375 -0.975434566501335087451707295258529484272003173828125 0.219080638052735310328245077471365220844745635986328125 1.558531066339572834777982279774732887744903564453125
-0.60214643660841449257503654735046438872814178466796875 -0.1884732386572031959115491872580605559051036834716796875 -0.77582053800466865833840302002499811351299285888671875 0.7192250742415267072971118977875448763370513916015625
0.80436132828372863823318539289175532758235931396484375 -0.1160388551053977146398921149739180691540241241455078125 -0.58269875378918101205272250808775424957275390625 3.725819710637892523408254419337026774883270263671875
0.0223964946947117458930787137205697945319116115570068359375 -0.9741235647343133852160690366872586309909820556640625 0.2249036186813951621044083140077418647706508636474609375 1.5551193598702095499675124301575124263763427734375
-0.59371815749031708886462865848443470895290374755859375 -0.1939541868813190184095418544529820792376995086669921875 -0.7809484764422742752998374271555803716182708740234375 0.7284019333806337481718173876288346946239471435546875
0.79993556658804643166860159908537752926349639892578125 -0.120755181717949688913193995176698081195354461669921875 -0.5878105778188464913824873292469419538974761962890625 3.75982998680534574731382235768251121044158935546875
0.0157703599074523713452489204200901440344750881195068359375 -0.9749753749826106652420776299550198018550872802734375 0.2217527315890148731369890811038203537464141845703125 1.57568401471857644224883188144303858280181884765625
-0.59987864191234885336001525502069853246212005615234375 -0.1866578850850211523937360880154301412403583526611328125 -0.77801314186392944716175179564743302762508392333984375 0.7088814822072659893592572188936173915863037109375
0.80305292545349982180624692773562856018543243408203125 -0.128239433972024141628054394459468312561511993408203125 -0.5819455700450950619284640197292901575565338134765625 3.760978200905062518444310626364313066005706787109375
0.014925744591190025223337300985804176889359951019287109375 -0.97193500288421919020009909218060784041881561279296875 0.234775493521222899939715489381342194974422454833984375 1.5493564477348467089967698484542779624462127685546875
-0.59572075760202114480534874019213020801544189453125 -0.1972231217818663229213171916853752918541431427001953125 -0.7786011939347954324830425321124494075775146484375 0.7066129585628286857712510027340613305568695068359375
0.803722499199022166749273310415446758270263671875 -0.13199761404964494015956688599544577300548553466796875 -0.58017822620853232162829726803465746343135833740234375 3.76984707948893404960699626826681196689605712890625
0.00944732744262351264996624422565218992531299591064453125 -0.97212842641923646880286469240672886371612548828125 0.23425846962945351403817539903684519231319427490234375 1.550660811889950974062912791850976645946502685546875
-0.5949293170351197534984066805918700993061065673828125 -0.1937599402183944885535993307712487876415252685546875 -0.78007447932789741873449429476750083267688751220703125 0.7004616013307891631001211862894706428050994873046875
0.80528434742469967577704892391921021044254302978515625 -0.1427159908403277110977569464012049138545989990234375 -0.5754557026837419098086456870078109204769134521484375 3.777435933053918670765369824948720633983612060546875
0.007857774010122796359834040913483477197587490081787109375 -0.9679420274667254187050957625615410506725311279296875 0.251050685903252690511777700521633960306644439697265625 1.4983488168047680577643632204853929579257965087890625
-0.5928367188073144777860079557285644114017486572265625 -0.206688992762162848659812652840628288686275482177734375 -0.778347149480705713386896604788489639759063720703125 0.694308015643910092506985165528021752834320068359375
0.8117827768580638814199801345239393413066864013671875 -0.139569118050271445685694970961776562035083770751953125 -0.567035434945013516738754333346150815486907958984375 3.766995133982053101107112524914555251598358154296875
0.0075434582292989819929385220120821031741797924041748046875 -0.96843104430392490389323256749776192009449005126953125 0.24916735080590857176474628431606106460094451904296875 1.4934459383642357810373368920409120619297027587890625
-0.58391079748619623135397205260233022272586822509765625 -0.2065471761843079845366588642718852497637271881103515625 -0.7851028242143336388636498668347485363483428955078125 0.703853951126586441233712321263737976551055908203125
0.81417905980761684503477226826362311840057373046875 -0.134630956128650780545541465471615083515644073486328125 -0.56478930958603523748706720652990043163299560546875 3.770815971659214227429401944391429424285888671875
0.004081669723956495021699453218388953246176242828369140625 -0.97139390169282202602829556781216524541378021240234375 0.237438808469768114495224153870367445051670074462890625 1.5080940491250138801859748127753846347332000732421875
-0.58059951647951246744838726954185403883457183837890625 -0.1956229931755302520191008852634695358574390411376953125 -0.7903390702760446639985048022936098277568817138671875 0.6989803423296263584774123955867253243923187255859375
0.822049576702612139200709862052462995052337646484375 -0.1291775429155998244912240124904201366007328033447265625 -0.55456979348801971330118476544157601892948150634765625 3.75647208744239957667332419077865779399871826171875
0.000584658058123209423140309581867768429219722747802734375 -0.97373542705441973321711657263222150504589080810546875 0.227681655640906532855893829037086106836795806884765625 1.50982231285423296185399522073566913604736328125
-0.5694156229127453894278687585028819739818572998046875 -0.1874898460870385308307817240347503684461116790771484375 -0.80038328693017357640115960748516954481601715087890625 0.713356567400586616400914863334037363529205322265625
0.82634444702540121863165722970734350383281707763671875 -0.127658040549843476707536638059536926448345184326171875 -0.5485054963747024725506662434781901538372039794921875 3.75753112212557827120917863794602453708648681640625
-0.00611657373327588460565351624609320424497127532958984375 -0.97594635461042533730591230778372846543788909912109375 0.217924896442948934360828161516110412776470184326171875 1.508835725649244619006594803067855536937713623046875
-0.56313181618861973820600042017758823931217193603515625 -0.176726057263406788333526264977990649640560150146484375 -0.80724869667298781994446699172840453684329986572265625 0.7083704242033108666731777702807448804378509521484375
0.82784358843643512937404693730059079825878143310546875 -0.1221444459717241082241656613405211828649044036865234375 -0.547499522742209254744238933199085295200347900390625 3.7678101781888830856814820435829460620880126953125
-0.011439096394904875453324422096557100303471088409423828125 -0.979479145656420246979223520611412823200225830078125 0.20122055148299267113287669417331926524639129638671875 1.527921027541052634290963396779261529445648193359375
-0.56084234876712224515671323388232849538326263427734375 -0.160316246793042349594315965077839791774749755859375 -0.812252769058726897810629452578723430633544921875 0.7010972789258713699922509476891718804836273193359375
0.83274023357721838056733076882665045559406280517578125 -0.11850583920835029705376229003377375192940235137939453125 -0.5408327555310277201527924262336455285549163818359375 3.76115750226701361924597222241573035717010498046875
-0.0168922031391518512322136302827857434749603271484375 -0.981808331790471555677868309430778026580810546875 0.18912168871179046991670702482224442064762115478515625 1.5342955659924075728639536464470438659191131591796875
-0.553406140975553295646705009858123958110809326171875 -0.1483533854256426087747655628845677711069583892822265625 -0.8195931406272849439886840627877973020076751708984375 0.7017884958705520315191961344680748879909515380859375
0.836946057719523128781702325795777142047882080078125 -0.1135331926107581435037019446099293418228626251220703125 -0.5353797816908640871957913986989296972751617431640625 3.75664535260272458572217146866023540496826171875
-0.018610332850856205200162918345085927285254001617431640625 -0.98358430820930975446714228382916189730167388916015625 0.1794868357202742681355545073529356159269809722900390625 1.52740032123059155111377549474127590656280517578125
-0.54696887662267268392923824649187736213207244873046875 -0.1402572064319985434277526792357093654572963714599609375 -0.8253199161840354403096853275201283395290374755859375 0.703167177003175769556264640414156019687652587890625
0.8399376910660805162223141451249830424785614013671875 -0.099993693794269533636764890616177581250667572021484375 -0.5333909788588100386874657488078810274600982666015625 3.75546829394324532813698169775307178497314453125
-0.016174188373520352601797611669098841957747936248779296875 -0.987053888157250813861764981993474066257476806640625 0.1595712303186072322791488886650768108665943145751953125 1.532103104907986956817467216751538217067718505859375
-0.542441767171082833698392278165556490421295166015625 -0.125402727091051879870775564995710738003253936767578125 -0.8306810972126668080051103970617987215518951416015625 0.698917498703853556918375034001655876636505126953125
0.84265714386144363601260920404456555843353271484375 -0.08986490981494700547305143345511169172823429107666015625 -0.53089851749955563331440089314128272235393524169921875 3.75906757002169111814282587147317826747894287109375
-0.019108549437602824483395380639194627292454242706298828125 -0.9903444041724289714778706184006296098232269287109375 0.1373054423685745872862895566868246532976627349853515625 1.5409415124349770120915081861312501132488250732421875
-0.53811132793579596889088634270592592656612396240234375 -0.10555671344390027410753418735112063586711883544921875 -0.836237991838505667629988238331861793994903564453125 0.689887803841011670868965666159056127071380615234375
0.84616578349956339533122218199423514306545257568359375 -0.08165311635734527617724864967385656200349330902099609375 -0.526627226246140889287516984040848910808563232421875 3.76132869624710952649593309615738689899444580078125
-0.0197780650663146595480412770484690554440021514892578125 -0.99232313968859531261301754057058133184909820556640625 0.1220801975018215024260115342258359305560588836669921875 1.53231828216686505328425482730381190776824951171875
-0.5325526218056706451164927784702740609645843505859375 -0.0928844202782923844541329572166432626545429229736328125 -0.8412848444358616006866213865578174591064453125 0.680100880475591029750148663879372179508209228515625
0.853511611622037147384389754734002053737640380859375 -0.06785074879423018401336520355471293441951274871826171875 -0.51663740158298188109853299465612508356571197509765625 3.751409612498905143951333229779265820980072021484375
-0.021139832006840601763553166847486863844096660614013671875 -0.9951785645913113764748914036317728459835052490234375 0.09577417252047759621547129427199251949787139892578125 1.551723557539521625159295581397600471973419189453125
-0.52064482744434881222872490980080328881740570068359375 -0.070822741876797989934999577599228359758853912353515625 -0.8508308309461385388061671619652770459651947021484375 0.6766377545326498488265087871695868670940399169921875
0.860225759127422495708970018313266336917877197265625 -0.05541093465532088979674796291874372400343418121337890625 -0.5068937478942443508600490531534887850284576416015625 3.74441045607756262114662604290060698986053466796875
-0.021119094170739406701731155635570758022367954254150390625 -0.99709677697955190200929109778371639549732208251953125 0.0731570997216239582439101241106982342898845672607421875 1.55784629470846258669780581840313971042633056640625
-0.509475835747684957510728054330684244632720947265625 -0.052226485890708607140453523243195377290248870849609375 -0.85889857780805856091177474809228442609310150146484375 0.6739911870322787823539556484320200979709625244140625
0.86595918837420293723283748477115295827388763427734375 -0.04265040060490375706248045162283233366906642913818359375 -0.498292712568158047137245603153132833540439605712890625 3.736380284667407902787772400188259780406951904296875
-0.017992779089286072002895622290452593006193637847900390625 -0.99836879126973354647844871578854508697986602783203125 0.0541846524445605270958736809916445054113864898681640625 1.5591895949726957137926319774123840034008026123046875
-0.49979090026408845570671246605343185365200042724609375 -0.03795602771252702678506096845012507401406764984130859375 -0.865314044710645990932107451953925192356109619140625 0.6680407864317048360902617787360213696956634521484375
0.871342855032992691377558003296144306659698486328125 -0.031411469308761874597024643662734888494014739990234375 -0.48966820254006460100271169721963815391063690185546875 3.727236537256116033489661276689730584621429443359375
-0.0141012957556709561668384367294493131339550018310546875 -0.99913966097068485083809719071723520755767822265625 0.0390006586441636604600802229469991289079189300537109375 1.5522960274067401087449979968369007110595703125
-0.4904719996653434943567617665394209325313568115234375 -0.02707798964600839630723072559703723527491092681884765625 -0.8710361645884800996242347537190653383731842041015625 0.6639515627181140633439326848019845783710479736328125
0.8772838766730988169229021877981722354888916015625 -0.02208106386511600460753612651387811638414859771728515625 -0.47946368616194934286767193043488077819347381591796875 3.714279856753122555090840251068584620952606201171875
-0.013506244568252563642563046641953405924141407012939453125 -0.999681313011318906092128599993884563446044921875 0.021326364315337020816087942876038141548633575439453125 1.551473140319648447160716386861167848110198974609375
-0.47978180572181494678574154022498987615108489990234375 -0.01223352199942047413561141411264543421566486358642578125 -0.877302547493055140392925750347785651683807373046875 0.6646093056515940400430508816498331725597381591796875
0.8820003745924627214236579675343818962574005126953125 -0.0148265472142215248840813046626863069832324981689453125 -0.471015406028783611969146249975892715156078338623046875 3.7024697705087294963277599890716373920440673828125
-0.010940239390064221414178291524876840412616729736328125 -0.999879761399943500776998916990123689174652099609375 0.0109878999887457473594309931286261416971683502197265625 1.5341808477467200333421715185977518558502197265625
-0.4711216938264353171206266779336147010326385498046875 -0.00453831069836761746838504905099398456513881683349609375 -0.88205654770094843453165367463952861726284027099609375 0.6684314722789903573385572599363513290882110595703125
0.8865638763824950085989939907449297606945037841796875 -0.00719619306021122839833736861692159436643123626708984375 -0.46255022202900752947840601336793042719364166259765625 3.687222207333103796145223896019160747528076171875
