0.6620139177454367196418161256588064134120941162109375 0.06721129221460338254434674354342860169708728790283203125 -0.7464718446868452428333284842665307223796844482421875 3.71121187096742755073819353128783404827117919921875
-0.01929962585311632838891426899863290600478649139404296875 -0.994111999697321113700354544562287628650665283203125 -0.106624478528451305248125891012023203074932098388671875 1.64357608004833100068253770587034523487091064453125
-0.74924301609816723601653620789875276386737823486328125 0.0849935193461022475691635236216825433075428009033203125 -0.656818852117754925501458274084143340587615966796875 0.563645191553933333494796897866763174533843994140625
0.66589185127720507129112093025469221174716949462890625 0.067913027859803520858150704953004606068134307861328125 -0.7429507810410662660416392100160010159015655517578125 3.70288357289499980851132932002656161785125732421875
-0.0161534637524617628867584784302380285225808620452880859375 -0.9943021545182515463778827324858866631984710693359375 -0.10536704442519807811695642385529936291277408599853515625 1.6388304348438123003717237224918790161609649658203125
-0.74587338605901509769324775334098376333713531494140625 0.08216428795385284644670065290483762510120868682861328125 -0.66100069724161081285984664646093733608722686767578125 0.574536108129645839426302700303494930267333984375
0.66836555534592390070969258886179886758327484130859375 0.0714013065527862311743234613459208048880100250244140625 -0.740398094169406828513047003070823848247528076171875 3.69679280399699461412410528282634913921356201171875
-0.0147324079303385556405370238053365028463304042816162109375 -0.99391620530133495403646293198107741773128509521484375 -0.10914877881913949420056297867631656117737293243408203125 1.64535897209564208054644041112624108791351318359375
-0.74368705824657743708172574770287610590457916259765625 0.08385913415679059623730751127368421293795108795166015625 -0.6632474689096259368170649395324289798736572265625 0.5772090920189654195127104685525409877300262451171875
0.6665528205194612976214330046786926686763763427734375 0.06713171606522115586468402170794433914124965667724609375 -0.74242889905747178058703639180748723447322845458984375 3.7074156530069100057289688265882432460784912109375
-0.0123509108466094592870820889629612793214619159698486328125 -0.99480558604449786930246091287699528038501739501953125 -0.10104070416254506969977455810294486582279205322265625 1.62427515803353816892240502056665718555450439453125
-0.74535548061146161824552791586029343307018280029296875 0.076518642437984063509048837659065611660480499267578125 -0.6622613569293509527824426186271011829376220703125 0.579935931029762929966864248854108154773712158203125
0.668599181323214164507362511358223855495452880859375 0.06650686213644392552613027191910077817738056182861328125 -0.74064294502998695435280751553364098072052001953125 3.70635756772085134258531979867257177829742431640625
-0.0152757887986782435463251061946721165440976619720458984375 -0.99455396462074230345962178034824319183826446533203125 -0.1030969672467742792587586109220865182578563690185546875 1.626380052830352251902468196931295096874237060546875
-0.7434660617878579014217166331945918500423431396484375 0.0802444561941602074739421368576586246490478515625 -0.66394204733527517614533053347258828580379486083984375 0.5797292384988093072450965337338857352733612060546875
0.6684673203418955989008054530131630599498748779296875 0.068872225583552104666296145296655595302581787109375 -0.74054578398509163239538111156434752047061920166015625 3.7077009039828627834367580362595617771148681640625
-0.01537413002855939590796108262793495669029653072357177734375 -0.994210784579653505943497293628752231597900390625 -0.1063413131060341465516927428325288929045200347900390625 1.631797577888840056203889616881497204303741455078125
-0.7435825964750890637589009202201850712299346923828125 0.08247094296707581373429007953745895065367221832275390625 -0.66353859404369719410254901958978734910488128662109375 0.5772717205424395814361560042016208171844482421875
0.6683967978336069482026005061925388872623443603515625 0.07034851335729484789194287941427319310605525970458984375 -0.74047066607273437366387724978267215192317962646484375 3.70751143742495781197021642583422362804412841796875
-0.01624662500563818501309043540459242649376392364501953125 -0.99389897714083363933212922347593121230602264404296875 -0.10909075733567800969847638725696015171706676483154296875 1.63645600371321275900982072926126420497894287109375
-0.74362743887082360938478586831479333341121673583984375 0.0849460653895165729299066015300923027098178863525390625 -0.6631759933330363399051066153333522379398345947265625 0.5751063531458431299370204214937984943389892578125
0.66854499870593020460773914237506687641143798828125 0.07001106744499925593760991660019499249756336212158203125 -0.740368850736239370036173568223603069782257080078125 3.70859437598465557783811163972131907939910888671875
-0.0159257364389739954069202809705529944039881229400634765625 -0.993982563224092618980876068235374987125396728515625 -0.1083741567306534536729856199599453248083591461181640625 1.633506852947693044342258872347883880138397216796875
-0.743501147036135012768909291480667889118194580078125 0.08424392290238995328888194080718676559627056121826171875 -0.66340711920356110198326859972439706325531005859375 0.575911603645753000790818987297825515270233154296875
0.66812633901076312614719654447981156408786773681640625 0.070253515592222870456140526584931649267673492431640625 -0.74072372627519389443051522903260774910449981689453125 3.71070865697708551778077890048734843730926513671875
-0.0171078831621335920865067947715942864306271076202392578125 -0.99381864399257169306878267889260314404964447021484375 -0.109689316290229432748759563764906488358974456787109375 1.6367375753352597644862953529809601604938507080078125
-0.743851137979609777772793677286244928836822509765625 0.0859585395988882450257762002365780062973499298095703125 -0.66279454885844224509838795711402781307697296142578125 0.5744473450365654709770524277701042592525482177734375
0.6682878289805900262621207730262540280818939208984375 0.06933559338576024411171516703689121641218662261962890625 -0.740664534810635100114950546412728726863861083984375 3.71073539410288777418145400588400661945343017578125
-0.0162449326342444001769482753161355503834784030914306640625 -0.994049249362993325718207415775395929813385009765625 -0.1077131139941618354072261354303918778896331787109375 1.632585697550661851806808044784702360630035400390625
-0.74372540619504590164723367706756107509136199951171875 0.0840154118143508765736982013550004921853542327880859375 -0.66318468827143395305512285631266422569751739501953125 0.57771019927065747623373681562952697277069091796875
0.66759359282224839393649062913027592003345489501953125 0.070715804912462598696976101564359851181507110595703125 -0.74115994883578595331385940880863927304744720458984375 3.71109948537001255175482583581469953060150146484375
-0.0163360265348870027646288605183144682087004184722900390625 -0.9938481097985507606296096128062345087528228759765625 -0.10953990966145658869645984623275580815970897674560546875 1.64043091964225329348892046255059540271759033203125
-0.7443466457770571143015558845945633947849273681640625 0.08523575372400503391556725318878307007253170013427734375 -0.6623314406002067666889843167155049741268157958984375 0.576715082605496309753334571723826229572296142578125
0.66717568414857242320437080707051791250705718994140625 0.068756114495841347267202081638970412313938140869140625 -0.7417204346654602264976574588217772543430328369140625 3.7126068447521820559131811023689806461334228515625
-0.01533519365905681823558648346761401626281440258026123046875 -0.99425217133368892774569758330471813678741455078125 -0.10595930612940525350484932687322725541889667510986328125 1.6393256290617983506052723896573297679424285888671875
-0.74474253157456404839109609383740462362766265869140625 0.082067902228094180561157600095611996948719024658203125 -0.6622865098186656584999809638247825205326080322265625 0.5779083325640324009242476677172817289829254150390625
0.6660310565836644602910610046819783747196197509765625 0.0660096600416400225430635373413679189980030059814453125 -0.74299754807619311502975278926896862685680389404296875 3.717725149856263566761072070221416652202606201171875
-0.0133822883015715828058933567490385030396282672882080078125 -0.99485896568771414738563407809124328196048736572265625 -0.10038165007772158199284007196183665655553340911865234375 1.6399741980075328573462911663227714598178863525390625
-0.74580395952627431821468917405582033097743988037109375 0.0768003068184100190496366167280939407646656036376953125 -0.66172363326960736973347820821800269186496734619140625 0.5779069591517236315070249474956654012203216552734375
0.66594938495914679510434552867081947624683380126953125 0.061880772732649920453429359668007236905395984649658203125 -0.74342597925990216989333703168085776269435882568359375 3.71699366653334717369716599932871758937835693359375
-0.01154650552885216029108672586289685568772256374359130859375 -0.995579243290453774761772365309298038482666015625 -0.093212506998902544541607539940741844475269317626953125 1.6413748553709075483908463866100646555423736572265625
-0.7459075645821062749973862082697451114654541015625 0.07065878660936429633832034369333996437489986419677734375 -0.66229090358699871377012868833844549953937530517578125 0.5769519753334451106496771899401210248470306396484375
0.66831332154504241582770873719709925353527069091796875 0.05590728404412308172322099153461749665439128875732421875 -0.74177603077764830974416554454364813864231109619140625 3.71327982293826241999568082974292337894439697265625
-0.00807525899589065822292699436957263969816267490386962890625 -0.9965677136110144829217460937798023223876953125 -0.082386317444133105869497057938133366405963897705078125 1.6422336011364990770999838787247426807880401611328125
-0.7438360669210279940699592771125026047229766845703125 0.06104990937923655824892676946546998806297779083251953125 -0.66556803867992575529655141508555971086025238037109375 0.5843891610252900381539120644447393715381622314453125
0.6664304665365510249586122881737537682056427001953125 0.0479438927560373040481778161847614683210849761962890625 -0.74402406978489132871601441365783102810382843017578125 3.72579231006456890185063457465730607509613037109375
-0.007417572544865701049399131505879267933778464794158935546875 -0.99745448753373111561160158089478500187397003173828125 -0.07091860008562232697837401929064071737229824066162109375 1.64640958356211353219578086282126605510711669921875
-0.74553028972905199811549437072244472801685333251953125 0.05278117028807642607812766755159827880561351776123046875 -0.6643784577780476041652946150861680507659912109375 0.5785483913398403732486485750996507704257965087890625
0.6677513286023069039032407090417109429836273193359375 0.03962942137581638990528887234177091158926486968994140625 -0.74332877793831719781536548907752148807048797607421875 3.7261223201308748542714965878985822200775146484375
-0.002772032709751585423385566997467321925796568393707275390625 -0.99844251384423865491868355093174614012241363525390625 -0.0557206003628294421758937460253946483135223388671875 1.639329967148722033698504674248397350311279296875
-0.74437925749632050109738656828994862735271453857421875 0.039268038122698266378929332631741999648511409759521484375 -0.666601486790436847940100051346234977245330810546875 0.58215038551784648035436475765891373157501220703125
0.6724996824182698507144095856347121298313140869140625 0.0298712004720077251018750530420220457017421722412109375 -0.73949434651637968585191629244945943355560302734375 3.727622388179412826758607479860074818134307861328125
-0.0001745696136849043955674432027080911211669445037841796875 -0.99917868732902170858523049901123158633708953857421875 -0.04051966478938449911506580747300176881253719329833984375 1.632385797765802948333657695911824703216552734375
-0.74009738999216079236020959797315299510955810546875 0.0273785560000951166959026750191696919500827789306640625 -0.67194216120001060144062421386479400098323822021484375 0.592206487275965809402578088338486850261688232421875
0.67795173950810994067950332464533858001232147216796875 0.0225185562463382227260666468282579444348812103271484375 -0.73476142626195917184617201201035641133785247802734375 3.725826834950695332082659660954959690570831298828125
0.0007641131315113823714579854851081108790822327136993408203125 -0.9995517065866483807923259519156999886035919189453125 -0.0299286637286380052813683505519293248653411865234375 1.6407691221285372051852391450665891170501708984375
-0.7351060161820786031938723681378178298473358154296875 0.01972874954197745278605680141481570899486541748046875 -0.67766505104987040386532726188306696712970733642578125 0.597850004607561658076519961468875408172607421875
0.6845855049234297329263654319220222532749176025390625 0.01265240781512434742328565562274889089167118072509765625 -0.72882275144592789661857068495010025799274444580078125 3.724512945145351583420278984704054892063140869140625
0.005126364200223428556346672024801591760478913784027099609375 -0.9999081508215887925672404890065081417560577392578125 -0.0125432544572141591032732321764342486858367919921875 1.639260134440966520941174167091958224773406982421875
-0.72891454013745404783009007587679661810398101806640625 0.00485071951159678216303205999793135561048984527587890625 -0.68458751354112779008431743932305835187435150146484375 0.6082259311928559508686475965077988803386688232421875
0.69022551302556822694356242209323681890964508056640625 0.0017724060589461299031199814635328948497772216796875 -0.723592150140777601308172961580567061901092529296875 3.72700590738741599494687761762179434299468994140625
0.00858679294081924650294812551010181778110563755035400390625 -0.999946611041460098334709982736967504024505615234375 0.0057415133398248385798723347761551849544048309326171875 1.639495357897683192049953504465520381927490234375
-0.7235433699011750707796863935072906315326690673828125 -0.01017627534956959400869180853987927548587322235107421875 -0.69020390848796353555627547393669374287128448486328125 0.6136984260327709161941811544238589704036712646484375
0.69689426142398158692259357849252410233020782470703125 -0.0115731787107227201971682006842456758022308349609375 -0.7170805044964290164699605156783945858478546142578125 3.727471558996940270702680209069512784481048583984375
0.0146064329371796974843533689636387862265110015869140625 -0.9994333116561848751047136829583905637264251708984375 0.0303254116302454634901408780933707021176815032958984375 1.623719727992142480843540397472679615020751953125
-0.7170251323747518501505737731349654495716094970703125 -0.03160759485805343660391741877901949919760227203369140625 -0.69633032354641788419513659391668625175952911376953125 0.6234141900996263974121802675654180347919464111328125
0.70348383532361413728040133719332516193389892578125 -0.024370841907364937384272707276977598667144775390625 -0.71029328836974425787076370397699065506458282470703125 3.72989905558524359463490327470935881137847900390625
0.015829496370479312350454392799292691051959991455078125 -0.9986266512455006516546518469112925231456756591796875 0.04994157975670299176584876477136276662349700927734375 1.6199023752372685436284882598556578159332275390625
-0.7105349536950862354700575451715849339962005615234375 -0.04637668088690723167122342829316039569675922393798828125 -0.70213195558059859902044763657613657414913177490234375 0.6290728837123615857507274995441548526287078857421875
0.709856812644996892913695774041116237640380859375 -0.03779887052825407767198129249663907103240489959716796875 -0.703331039360751031352947393315844237804412841796875 3.7334955416687218843208029284141957759857177734375
0.0193796766578938663150299959170297370292246341705322265625 -0.9971327468759596523995014649699442088603973388671875 0.07314804277613962124604540804284624755382537841796875 1.603788087570409803817028659977950155735015869140625
-0.70407935177380565061611150667886249721050262451171875 -0.06555496714899360088946167479662108235061168670654296875 -0.7070889708430418973961195661104284226894378662109375 0.6391727908849802464175127170165069401264190673828125
0.715719058720926337713308384991250932216644287109375 -0.04736541700774099528103988632210530340671539306640625 -0.6967802711438622065287518125842325389385223388671875 3.737906849471002157514476493815891444683074951171875
0.0182717599032122222924012788780601113103330135345458984375 -0.996085987964246744041929559898562729358673095703125 0.086479883748017183364709126180969178676605224609375 1.61195397850718080690057831816375255584716796875
-0.6981492474389003888290972099639475345611572265625 -0.07462670569011009558124669638345949351787567138671875 -0.7120523036254702287095597057486884295940399169921875 0.6439190032889288151096707224496640264987945556640625
0.72340827645183447547339028460555709898471832275390625 -0.05547369825675189936031728166199172846972942352294921875 -0.6881882986237888299996257046586833894252777099609375 3.73564802285294828010364653891883790493011474609375
0.01858140534108010388791853984002955257892608642578125 -0.99484149828288892525307574032922275364398956298828125 0.0997248594461183357484657108216197229921817779541015625 1.615340148352922167163114863797090947628021240234375
-0.69017041146382063221409453035448677837848663330078125 -0.0849292976921361131292798063441296108067035675048828125 -0.718645822038492809724630205892026424407958984375 0.651277923110203715850730077363550662994384765625
0.731914098252818945411490858532488346099853515625 -0.06245234365834147205465143315450404770672321319580078125 -0.6785288922001360134572678362019360065460205078125 3.7335327604501618026233700220473110675811767578125
0.01999660621103242774676544968315283767879009246826171875 -0.9933934091023381984797424593125469982624053955078125 0.11300262569434738058049561004736460745334625244140625 1.61694204957390130772409975179471075534820556640625
-0.68110343446041810011593042872846126556396484375 -0.096276493655825579054408080992288887500762939453125 -0.7258298342831899230276349044288508594036102294921875 0.663339739863271216080420344951562583446502685546875
0.741187634338171807968365101260133087635040283203125 -0.0723048537092721155250529818658833391964435577392578125 -0.6673926122113320591466845144168473780155181884765625 3.728852220699952368931917590089142322540283203125
0.019709534085102432821035023380318307317793369293212890625 -0.99140990872620349261268302143434993922710418701171875 0.1292975253722585815552292842767201364040374755859375 1.609334953729844475134314052411355078220367431640625
-0.6710085132740759572556044076918624341487884521484375 -0.1089877285952611796204791971831582486629486083984375 -0.73339569819392880223318798016407527029514312744140625 0.67253371199383149559025696362368762493133544921875
0.74658197152713212663144304315210320055484771728515625 -0.07971391816528626550475422618546872399747371673583984375 -0.66050060638987961869617038246360607445240020751953125 3.737263059280147903251645402633585035800933837890625
0.0208708234504278340726290963402789202518761157989501953125 -0.98950099305839966934428275635582394897937774658203125 0.1430108960418150221283184464482474140822887420654296875 1.603808436423401762027651784592308104038238525390625
-0.66496599042949344759989571684855036437511444091796875 -0.12055455290769134801820428037899546325206756591796875 -0.7370799355194452839867835791665129363536834716796875 0.676242718098744699517510525765828788280487060546875
0.7533194172935946397728912415914237499237060546875 -0.0853203627448463619575846905718208290636539459228515625 -0.65209684191040739875688814208842813968658447265625 3.7398093198083728339042863808572292327880859375
0.02425215372867843555138023248218814842402935028076171875 -0.98727031967519052191306627719313837587833404541015625 0.1571911952041482318787046779107186011970043182373046875 1.5944267169361510116942781678517349064350128173828125
-0.65720749269538913939214808124233968555927276611328125 -0.1342299376039745861799445947326603345572948455810546875 -0.74166072795846027521093901668791659176349639892578125 0.6823130674381874261058555930503644049167633056640625
0.760351628983232163960792604484595358371734619140625 -0.0890629753908729060452031944805639795958995819091796875 -0.64337639583456140979222936948644928634166717529296875 3.7354354520670227657319628633558750152587890625
0.0226082214672421004386659859619612689130008220672607421875 -0.98632458947285639450086591750732623040676116943359375 0.1632562263591513518345976763157523237168788909912109375 1.6015242292034781446119495740276761353015899658203125
-0.64911806978512720522900281139300204813480377197265625 -0.138677739042179226647277801021118648350238800048828125 -0.7479399816646921106411127766477875411510467529296875 0.6875817675746123125435360634583048522472381591796875
0.7691304164887216021639915197738446295261383056640625 -0.0924741957024912963891694062112946994602680206298828125 -0.6323661325221829887510693879448808729648590087890625 3.72974906907300951530714883119799196720123291015625
0.0232981884443444926813260309472752851434051990509033203125 -0.9847612643832024392764878939487971365451812744140625 0.1723437538971148430544388929774868302047252655029296875 1.5982059990929524673219930264167487621307373046875
-0.63866704685531683338695074780844151973724365234375 -0.1472878142117851341108547558178543113172054290771484375 -0.7552553892861826323468221744406037032604217529296875 0.700892122224944902342258501448668539524078369140625
0.77499788146268233646196677000261843204498291015625 -0.0989599234492092028059317954102880321443080902099609375 -0.62416761953763766346270358553738333284854888916015625 3.7278307954578000504852752783335745334625244140625
0.02042935179241546495010339867803850211203098297119140625 -0.98322417291719299559105138541781343519687652587890625 0.1812533869983789236446369841360137797892093658447265625 1.5933881695033049741283548428327776491641998291015625
-0.63163353712646352899895418886444531381130218505859375 -0.1532223367137038605445553685058257542550563812255859375 -0.759974993213003546799200194072909653186798095703125 0.7037244380942422328217844551545567810535430908203125
0.779309384611257538466588812298141419887542724609375 -0.0992681254387141331907429275815957225859165191650390625 -0.6187266943721654310905933016329072415828704833984375 3.73004114615610493643771405913867056369781494140625
0.02143140185093124483461934914885205216705799102783203125 -0.98257303743959589770184948065434582531452178955078125 0.1846370602917279113430737425005645491182804107666015625 1.603075116094828889146128858556039631366729736328125
-0.6262727664319014397875662325532175600528717041015625 -0.15714958031177450603621537084109149873256683349609375 -0.76360096348391692799850716255605220794677734375 0.7044986092658154230861100586480461061000823974609375
0.7856797275705551530933234971598722040653228759765625 -0.0998291345546329644822236559775774367153644561767578125 -0.61052560108379683168067231235909275710582733154296875 3.726698883335499257185574606410227715969085693359375
0.0210375059657006112379118434319025254808366298675537109375 -0.982011548581045001782285908120684325695037841796875 0.1876450498093185925707615524515858851373195648193359375 1.61231757346537474262504474609158933162689208984375
-0.61827565772240411501314838460530154407024383544921875 -0.1602728537659384444591381679856567643582820892333984375 -0.76944643960034719842866479666554369032382965087890625 0.715211609386873448102051042951643466949462890625
0.78486985567182265821628561752731911838054656982421875 -0.112669942603370654143901674615335650742053985595703125 -0.6093314317277958025442785583436489105224609375 3.7500520177399625509906400111503899097442626953125
0.0209576331511230791460054234676135820336639881134033203125 -0.9779416738804680431229598980280570685863494873046875 0.20782392312318653804226187276071868836879730224609375 1.5726486669120836037194521850324235856533050537109375
-0.61930613364927922237512802894343622028827667236328125 -0.175884883938897618183005988612421788275241851806640625 -0.76519567459975978973574228803045116364955902099609375 0.704194993072440045267512687132693827152252197265625
0.78971479157910196011727066434104926884174346923828125 -0.11644327111376140404530588057241402566432952880859375 -0.602321768304535876126237781136296689510345458984375 3.75149203126429853227818966843187808990478515625
0.016475221278342278008466337269055657088756561279296875 -0.97744123144679784243038511704071424901485443115234375 0.210563836100452428379270486402674578130245208740234375 1.5792547933580467489633747391053475439548492431640625
-0.61325289642683011859247699248953722417354583740234375 -0.1762087671446771752759019591394462622702121734619140625 -0.76998139938926879466407626750878989696502685546875 0.7124637545530474458388425773591734468936920166015625
0.7918454829969387986920992261730134487152099609375 -0.1240783518515853611763333219641936011612415313720703125 -0.5979843590422238008841304690577089786529541015625 3.75913740308492894115488525130786001682281494140625
0.01359002012049246276015335155307184322737157344818115234375 -0.975321751220871835386105885845609009265899658203125 0.220369498502668126338477350145694799721240997314453125 1.5664002259214127033004615441313944756984710693359375
-0.6105702599671705144146471866406500339508056640625 -0.18262521848897905751840653465478681027889251708984375 -0.7706179255736753663796889668446965515613555908203125 0.710802750749290002119096243404783308506011962890625
0.79862429406886004112919863473507575690746307373046875 -0.1256894775288837362570149025486898608505725860595703125 -0.5885587414706634490357828326523303985595703125 3.7487146210484585395761314430274069309234619140625
0.013478646968816294926529764097722363658249378204345703125 -0.97396788582383642118855959779466502368450164794921875 0.226284790433376403750997951647150330245494842529296875 1.5633089040844259098861357415444217622280120849609375
-0.601678953383807613164435679209418594837188720703125 -0.1886495137854572179403334075686871074140071868896484375 -0.7761403210782678030454917461611330509185791015625 0.7210708888367751701053975921240635216236114501953125
0.79717169931649334291279274111730046570301055908203125 -0.123826854355469861967975475636194460093975067138671875 -0.590918092419993268293865185114555060863494873046875 3.7701998671576415489425926352851092815399169921875
0.0086549674155130644492839309123155544511973857879638671875 -0.97629762653513962877838139320374466478824615478515625 0.2162590087895307766618913092315779067575931549072265625 1.6033999023015426121929749569972045719623565673828125
-0.60369062715646293337812267054687254130840301513671875 -0.1775099452054618442975453262988594360649585723876953125 -0.77720515054687500100527586255338974297046661376953125 0.711090309201553250062488586991094052791595458984375
0.802085735414273859333889049594290554523468017578125 -0.12742718750290082940779257114627398550510406494140625 -0.58345589801633213067333372237044386565685272216796875 3.764524857246903888352562717045657336711883544921875
0.009557729408436056728337604226908297277987003326416015625 -0.97410708276939972360963793107657693326473236083984375 0.22588484683304022038186076315469108521938323974609375 1.5873205401274506076703119106241501867771148681640625
-0.59713241648571135922196617684676311910152435302734375 -0.186755534283411683826869875701959244906902313232421875 -0.7800995113422726223717518223566003143787384033203125 0.71502236769761662316113870474509894847869873046875
0.80330713095168271298263107382808811962604522705078125 -0.130083320012282677158310661980067379772663116455078125 -0.58118498192637291221984696676372550427913665771484375 3.771209720049113922613059912691824138164520263671875
0.0044492288010549337073928910513131995685398578643798828125 -0.9745168025652313215090316589339636266231536865234375 0.224270213811051333241408656249404884874820709228515625 1.591755600761270983412032364867627620697021484375
-0.595548367230142705608386677340604364871978759765625 -0.18274369401758649988920524265267886221408843994140625 -0.782257556426473765753826228319667279720306396484375 0.7105975593283651026155212093726731836795806884765625
0.80532688691101805833483240348869003355503082275390625 -0.139836414758723492912650954167474992573261260986328125 -0.5761027532703126841084895204403437674045562744140625 3.777160684398873424783005248173139989376068115234375
0.00275483559461985050287324838791391812264919281005859375 -0.97088916382357204337694156492943875491619110107421875 0.2395131841309630915670680906259804032742977142333984375 1.5438527314609782337129217921756207942962646484375
-0.5928246082023360674639889111858792603015899658203125 -0.1944734828160404049857135078127612359821796417236328125 -0.7814979516231288503291807501227594912052154541015625 0.7066084627013531349604136266862042248249053955078125
0.811940236751825583638719763257540762424468994140625 -0.1364602441523103115716963884551660157740116119384765625 -0.56756643109796556245782994665205478668212890625 3.7663455190805308347989921458065509796142578125
0.00264359390085068535203305373215698637068271636962890625 -0.9714226630983031629540391804766841232776641845703125 0.2373414080012778704098508342212880961596965789794921875 1.5398200140250579703860012159566394984722137451171875
-0.58373458296231583997126790563925169408321380615234375 -0.194207461643733925171773080364800989627838134765625 -0.78837643197631745994868879279238171875476837158203125 0.716760089861696148005876239039935171604156494140625
0.81449019030716074407649784916429780423641204833984375 -0.131219502130864806854759763155016116797924041748046875 -0.5651434969580144684897504703258164227008819580078125 3.76962485175040296070392287219874560832977294921875
-0.0006492853244255587796818218748740036971867084503173828125 -0.974293035889778114011505749658681452274322509765625 0.2252833361946412205067957756909891031682491302490234375 1.5553105364340595873073880284209735691547393798828125
-0.5801769629379460724294403917156159877777099609375 -0.18312413504888092052880210758303292095661163330078125 -0.7936373496999118426487029864802025258541107177734375 0.7122654406428059470357538884854875504970550537109375
0.822473327057561487407610911759547889232635498046875 -0.125546844212336805579610654604039154946804046630859375 -0.55477528440548706800683476103586144745349884033203125 3.754867173366327026684530210332013666629791259765625
-0.003861796130776813662510704716623877175152301788330078125 -0.976547014219112607946726711816154420375823974609375 0.215269455501986062273545030620880424976348876953125 1.5577488196130764297464565970585681498050689697265625
-0.5687905702630136062225574278272688388824462890625 -0.1749109629747367666841029176794108934700489044189453125 -0.8036687391028258797831540505285374820232391357421875 0.72703066372440616760286502540111541748046875
0.82685738005653863780253232107497751712799072265625 -0.1239019313225949991963403817862854339182376861572265625 -0.548593824664995732831584973610006272792816162109375 3.755672857101640005339504568837583065032958984375
-0.01047535871429926268572074832263751886785030364990234375 -0.97865473677805925323269775617518462240695953369140625 0.205243991296737815499540147357038222253322601318359375 1.557275573701347060051602966268546879291534423828125
-0.5623140936607098350208389092586003243923187255859375 -0.1639607981330589436819167303838185034692287445068359375 -0.81050584004441628138692976790480315685272216796875 0.7222889279212314495026703298208303749561309814453125
0.82839551087899010450854575537960045039653778076171875 -0.11832694190331267958260497152878087945282459259033203125 -0.54750307065380676707633256228291429579257965087890625 3.765796499140606101718731224536895751953125
-0.015758377200512839466650660824598162434995174407958984375 -0.98196951181266001196235038150916807353496551513671875 0.1883811942316787335638395006753853522241115570068359375 1.576588018304689864379497521440498530864715576171875
-0.55992191521028311651519970837398432195186614990234375 -0.1474263814114285808809512445805012248456478118896484375 -0.8153238074110069621980301235453225672245025634765625 0.714850529501015241606864947243593633174896240234375
0.8333400301740752080803531498531810939311981201171875 -0.11461782749334663289442204359147581271827220916748046875 -0.54074684255220295536759067545062862336635589599609375 3.75897548051439489569247598410584032535552978515625
-0.021091020541889736461538262801695964299142360687255859375 -0.98414652600039442820190060956520028412342071533203125 0.1760985722133981690173953893463476561009883880615234375 1.583262724060135351322742280899547040462493896484375
-0.55235818360261668136246271387790329754352569580078125 -0.135345091933776362491670397503185085952281951904296875 -0.8225461343272215675170855320175178349018096923828125 0.7155608336940471048137624165974557399749755859375
0.8375675477189516993092865959624759852886199951171875 -0.10960426614919406562709269792321720160543918609619140625 -0.5352265948642298543092010731925256550312042236328125 3.75439319794093240290067114983685314655303955078125
-0.022716264958731587075835278710655984468758106231689453125 -0.985808971657332389071370926103554666042327880859375 0.166326683451508972044763368103303946554660797119140625 1.57660142966172411860270585748367011547088623046875
-0.54586131420451433626794823794625699520111083984375 -0.1271514881371189342740279926147195510566234588623046875 -0.82817143437783269366292415725183673202991485595703125 0.7171033306718277433589037173078395426273345947265625
0.84060665817087742990310061941272579133510589599609375 -0.09595037359699164214443811715682386420667171478271484375 -0.533079705152416760682854146580211818218231201171875 3.75293229769060143752312797005288302898406982421875
-0.020254803128729924333040202100164606235921382904052734375 -0.98906466826801853198247727050329558551311492919921875 0.146084728345682590688880964080453850328922271728515625 1.58191761060595847965259963530115783214569091796875
-0.54126720685853879633242513591540046036243438720703125 -0.11200237514115519987800695389523752965033054351806640625 -0.8333578335518876389897968692821450531482696533203125 0.71289714829137285079241337371058762073516845703125
0.84335909910730222360797370129148475825786590576171875 -0.08580333219749845807822197230052552185952663421630859375 -0.53045567028426166000798502864199690520763397216796875 3.75638791848005215712191784405149519443511962890625
-0.02309911007314073561058620498442905955016613006591796875 -0.9920454246742007597958945552818477153778076171875 0.1237425933886732443145461957101360894739627838134765625 1.5906967231991036015870122355408966541290283203125
-0.536853668235369951844404567964375019073486328125 -0.09210639171435512639884990448990720324218273162841796875 -0.83863254856199642706116037516039796173572540283203125 0.7038371166508159415542422721046023070812225341796875
0.8469180942960718994072522036731243133544921875 -0.077542777211783653346088840407901443541049957275390625 -0.52603883816329932709976446858490817248821258544921875 3.75845982279824308847082647844217717647552490234375
-0.02354598783757815005923674789301003329455852508544921875 -0.99380798889162991205381558756926096975803375244140625 0.1085872487618473047898959293888765387237071990966796875 1.5817020048765730866335843529668636620044708251953125
-0.5312017771447929970207724181818775832653045654296875 -0.079578404767632948679789706147857941687107086181640625 -0.843499821845181241286582007887773215770721435546875 0.6943787946305051139717079422553069889545440673828125
0.8542695175074903612966181754018180072307586669921875 -0.06373235360750763300874410788310342468321323394775390625 -0.51590869207754919134600868346751667559146881103515625 3.74838693204706085992938824347220361232757568359375
-0.0244860699002556192471757867679116316139698028564453125 -0.99628766852444161639112962802755646407604217529296875 0.0825302177915039625322179972499725408852100372314453125 1.600322615277963933522187289781868457794189453125
-0.5192533330366000399180848035030066967010498046875 -0.05787047526645365536079879120734403841197490692138671875 -0.85265877361510600263017067845794372260570526123046875 0.6908732400769463932732605826458893716335296630859375
0.86098873798118857880723453490645624697208404541015625 -0.05129946399719061134181430361422826535999774932861328125 -0.50603039243029801497186781489290297031402587890625 3.74128167721463711359319859184324741363525390625
-0.02415630182656312852085278564118198119103908538818359375 -0.99790223418705237268255814342410303652286529541015625 0.0600626923163967985086486578438780270516872406005859375 1.60594418407311767538203639560379087924957275390625
-0.50805006267461205737845375551842153072357177734375 -0.03948948028617661754058332235217676497995853424072265625 -0.86042182373708453457794576024753041565418243408203125 0.6883154874413979218417125593987293541431427001953125
0.86670085427400511690620987792499363422393798828125 -0.0385424325149434643389412258329684846103191375732421875 -0.497337018626746563132456913081114180386066436767578125 3.7332220147253138975429465062916278839111328125
-0.02077802436347309100739266796153970062732696533203125 -0.99893458259922152109311355161480605602264404296875 0.0412055374022795017907583314809016883373260498046875 1.6068711753426996313720565012772567570209503173828125
-0.498395327965342083142985529775614850223064422607421875 -0.025379194755583645015661886645830236375331878662109375 -0.866578325101590163370701702660880982875823974609375 0.6824715943924120065133820389746688306331634521484375
0.87203868172968224126151426389697007834911346435546875 -0.02733748328275058259162477725112694315612316131591796875 -0.488672896296616421363268045752192847430706024169921875 3.72417855149956888993756365380249917507171630859375
-0.016700353800386209812689486398085136897861957550048828125 -0.999519435848490456208992327447049319744110107421875 0.0261135686147726253647505245680804364383220672607421875 1.5996196345507709413169550316524691879749298095703125
-0.489151955717792075173377952523878775537014007568359375 -0.0146110322523674562855688918716623447835445404052734375 -0.872076190452405253239476223825477063655853271484375 0.6785079941369485112545589799992740154266357421875
0.87796779171266681185414881838369183242321014404296875 -0.01802494142570588986362878358704620040953159332275390625 -0.478380244368204810001543592079542577266693115234375 3.7112006480657466767070218338631093502044677734375
-0.015893675339610911778631674451389699243009090423583984375 -0.99983748952928674924578444915823638439178466796875 0.0085034426977298183114584162467508576810359954833984375 1.598554138002435731635841875686310231685638427734375
-0.478455795065326150439233288125251419842243194580078125 0.0001374714908889684839010669747949577867984771728515625 -0.8781116291622586000897854319191537797451019287109375 0.6792504683124327424792454621638171374797821044921875
0.88266282291500175460896571166813373565673828125 -0.01078422174453265436344651106992387212812900543212890625 -0.4698830084234641990548198009491898119449615478515625 3.699448807535585359573815367184579372406005859375
-0.013129918652776149945449191136503941379487514495849609375 -0.9999122890212073233584533227258361876010894775390625 -0.001715349026309931357303639742895029485225677490234375 1.580974480866455422756189364008605480194091796875
-0.4698233139271901226408090224140323698520660400390625 0.0076836007868883171578744395446847192943096160888671875 -0.8827270336686312557361588915227912366390228271484375 0.68336537073070413583764093345962464809417724609375
0.8872051101779512283229678359930403530597686767578125 -0.00316731154511672163831548232337809167802333831787109375 -0.461364346923021084734273244976066052913665771484375 3.68423364514511586520484343054704368114471435546875
