-0.51595239383286595202804392101825214922428131103515625 0.146752723549983865591883613888057880103588104248046875 -0.8439530587827721586080542692798189818859100341796875 0.8182761136315142014296952766017057001590728759765625
-0.07341966748795906994029536463131080381572246551513671875 -0.9891665980151589376845322476583532989025115966796875 -0.1271182514141358244064150539998081512749195098876953125 1.586329223635935203873259524698369204998016357421875
-0.85346510173213374628176097758114337921142578125 -0.003624213064133928463572686951010837219655513763427734375 0.5211373957077196639176008829963393509387969970703125 -3.679751999022742747769143534242175519466400146484375
-0.5125069391761150061626040042028762400150299072265625 0.142678329018546656836718966587795875966548919677734375 -0.8467464388616023907019325633882544934749603271484375 0.82682793406525256774131094061885960400104522705078125
-0.07026947012965552297192317610097234137356281280517578125 -0.98976033068535429482182053106953389942646026611328125 -0.12424469974541545169710587970257620327174663543701171875 1.5780444532367987608978410207782872021198272705078125
-0.8558030375014329393934531253762543201446533203125 -0.004175847065381994849264657432286185212433338165283203125 0.5172849536808581394353723226231522858142852783203125 -3.671103037005440938855826971121132373809814453125
-0.5103585663190501886532501885085366666316986083984375 0.1456387012406608338910274369482067413628101348876953125 -0.84753967605398694562524042339646257460117340087890625 0.82632056101056716723718409411958418786525726318359375
-0.06899554402414632969797736450345837511122226715087890625 -0.9893125303946306292601775567163713276386260986328125 -0.128453836667100140811470510016079060733318328857421875 1.5858031730075463627827048185281455516815185546875
-0.8571894474475809655444891177467070519924163818359375 -0.0070810546897784217013072094459857908077538013458251953125 0.51495253164635579334884596391930244863033294677734375 -3.6657146830083053856697006267495453357696533203125
-0.51035619014113364766416225393186323344707489013671875 0.1404619309499684776110228767720400355756282806396484375 -0.848414406489207184591805344098247587680816650390625 0.83225043650451413501656361404457129538059234619140625
-0.0671711510304237868762555763169075362384319305419921875 -0.99006766080108887795319105862290598452091217041015625 -0.1235075687989237724906388393719680607318878173828125 1.5716269498989892117180033892509527504444122314453125
-0.8573357543982360606804604685748927295207977294921875 -0.0060438798617726031958685695144595229066908359527587890625 0.51472213450232040532483779315953142940998077392578125 -3.668377456590215413001487831934355199337005615234375
-0.5090218675936866166154004531563259661197662353515625 0.14199196570536287698161004300345666706562042236328125 -0.8489611416234328356011928917723707854747772216796875 0.8319554158327646664616850102902390062808990478515625
-0.068295129935689591338388026997563429176807403564453125 -0.9898528440060034849778958232491277158260345458984375 -0.12460809959953113301711624671952449716627597808837890625 1.5710143600513013506514425898785702884197235107421875
-0.85803992544684237753216393684851936995983123779296875 -0.005448335945252326395493724930929602123796939849853515625 0.5135540886553286998861267420579679310321807861328125 -3.6690020686538904470808120095171034336090087890625
-0.507084155402223846209608382196165621280670166015625 0.14664291039349397482993708763387985527515411376953125 -0.849330039602591124747732465039007365703582763671875 0.831402198481036247557085516746155917644500732421875
-0.06937908629728541110015527237919741310179233551025390625 -0.9891670146914866013077016759780235588550567626953125 -0.1293646608483123017219185157955507747828960418701171875 1.5798616432559295930104781291447579860687255859375
-0.859099646056021182261019930592738091945648193359375 -0.006673027485699971339538905112931388430297374725341796875 0.5117648569905852706796167694847099483013153076171875 -3.667029425407589027230415013036690652370452880859375
-0.50800105179069687810766708935261704027652740478515625 0.148925926381952844490541565392049960792064666748046875 -0.84838434676202212347817521731485612690448760986328125 0.8281966257813255793962525785900652408599853515625
-0.0700670539077161702579132906976155936717987060546875 -0.9888205374432263994322056532837450504302978515625 -0.131622979500902237415260742636746726930141448974609375 1.583410844212094215066599645069800317287445068359375
-0.8585019158213782475286279805004596710205078125 -0.00742082005929466104188207964398316107690334320068359375 0.51275665959660743364878499050973914563655853271484375 -3.669541519259014616949343690066598355770111083984375
-0.50806110896845513291708584802108816802501678466796875 0.14799171364511443105271837339387275278568267822265625 -0.84851185156491826244717913141357712447643280029296875 0.82921149414057648829867730455589480698108673095703125
-0.06971837088539799276443176268003298901021480560302734375 -0.988961918420493635295542844687588512897491455078125 -0.13074298727142519283006549812853336334228515625 1.580052108331846394406738909310661256313323974609375
-0.858494763202157340487019610009156167507171630859375 -0.0072685629312249956657243643576293834485113620758056640625 0.5127708158109112179801059028250165283679962158203125 -3.670621980477438039969229066628031432628631591796875
-0.50849670396379742509651578075136058032512664794921875 0.1495214813628626959740586244151927530765533447265625 -0.8479825638944527010920637621893547475337982177734375 0.82841384030813747241239752838737331330776214599609375
-0.07086442813751679670186689463662332855165004730224609375 -0.988734070943797949126974344835616648197174072265625 -0.1318454619058251620078436872063321061432361602783203125 1.582729396832888379975656789611093699932098388671875
-0.858142957216319945956684023258276283740997314453125 -0.006951183155939510971421668727998621761798858642578125 0.51336375605681483502706896615563891828060150146484375 -3.67324418003650432495987843140028417110443115234375
-0.5084124762474271363998923334293067455291748046875 0.1473598182299471204270702173744211904704570770263671875 -0.8484113612907340229440933399018831551074981689453125 0.83171565396193847252703790218220092356204986572265625
-0.06998905774058440665275071523865335620939731597900390625 -0.98906071200951350963492814116762019693851470947265625 -0.129847971879933743455382000320241786539554595947265625 1.57865072855112931193843905930407345294952392578125
-0.8582646945579863739794745924882590770721435546875 -0.006636816980056518822106426114260102622210979461669921875 0.51316436619825811504824741859920322895050048828125 -3.67225103789331352999170121620409190654754638671875
-0.50926600584444770003500480015645734965801239013671875 0.1489262757204195819493719454840174876153469085693359375 -0.84762556573718839114661705025355331599712371826171875 0.83045615815277018523232754887430928647518157958984375
-0.07012106097237826018986339704497368074953556060791015625 -0.988819238879246942275358378537930548191070556640625 -0.131603972872735897059470744352438487112522125244140625 1.58638187348060188952558746677823364734649658203125
-0.85774773228033007743675852907472290098667144775390625 -0.0075850254288019162973721876142008113674819469451904296875 0.51401487834224812711880758797633461654186248779296875 -3.673307080215794773181414711871184408664703369140625
-0.5100007523272809262238070004968903958797454833984375 0.1453859237640814650038834088263683952391147613525390625 -0.8477984228558532731057084674830548465251922607421875 0.83183161368053426532043204133515246212482452392578125
-0.06919519346382453639510146103930310346186161041259765625 -0.98935280348604537348222720538615249097347259521484375 -0.1280355867769553401824822458365815691649913787841796875 1.585356256529816487699235949548892676830291748046875
-0.85738629447540304351349504941026680171489715576171875 -0.006634669507154265788440028472905396483838558197021484375 0.5146306667953906011092612970969639718532562255859375 -3.6748897198317660439670362393371760845184326171875
-0.51160640225342823850240847605164162814617156982421875 0.1394534113535082220369787364688818342983722686767578125 -0.84782759758996573129508078636717982590198516845703125 0.83326910190856484650367974609252996742725372314453125
-0.06725591846731072964704623018405982293188571929931640625 -0.99021315023330569449200311282766051590442657470703125 -0.12228906157814954658302752932286239229142665863037109375 1.5855917148387843607082459129742346704006195068359375
-0.856583639068752678014107004855759441852569580078125 -0.005542442895783837586431985755552886985242366790771484375 0.51597844005973658720876073857652954757213592529296875 -3.680230357008309027833092841319739818572998046875
-0.5120666533959739030734681364265270531177520751953125 0.1323589358029342022415875135266105644404888153076171875 -0.8486865467255635397947344245039857923984527587890625 0.831872793958584821893964544869959354400634765625
-0.06542569946548919268547450656114961020648479461669921875 -0.9911959889320502981036042911000549793243408203125 -0.115108841623827007349945006353664211928844451904296875 1.58683846755289348351425360306166112422943115234375
-0.85645036075371072659123683479265309870243072509765625 -0.003417488264362257555095681027523824013769626617431640625 0.5162180744015094635557261426583863794803619384765625 -3.680568879426783013286694767884910106658935546875
-0.51083143051634205544786482278141193091869354248046875 0.1207122561827349838114997737648081965744495391845703125 -0.8511637919953487507740419459878467023372650146484375 0.836982371234750388566681067459285259246826171875
-0.061736262123436656812369704994125640951097011566162109375 -0.99268746932369944513396831098361872136592864990234375 -0.10373176096186076389216168536222539842128753662109375 1.586419228750183929577133312704972922801971435546875
-0.8574613015309118235762753101880662143230438232421875 -0.0004417728571437136431132586267267470248043537139892578125 0.51454826908042095023887441129772923886775970458984375 -3.678197943722172791325419893837533891201019287109375
-0.51089897203576206674568993548746220767498016357421875 0.10971706719426803366967959618705208413302898406982421875 -0.8526103480131415057741151031223125755786895751953125 0.8377530581530192588246563900611363351345062255859375
-0.05976429083240795969711456336881383322179317474365234375 -0.99395521665951791501214529489516280591487884521484375 -0.0920940435758093867146811817292473278939723968505859375 1.5894192759455163521664644576958380639553070068359375
-0.85756076752153143072376906275167129933834075927734375 0.003904900502454185240441830728741479106247425079345703125 0.514367846740003020755693796672858297824859619140625 -3.6856025099074098960727496887557208538055419921875
-0.51042734654869004184973846349748782813549041748046875 0.09534351081168369879126345267650322057306766510009765625 -0.85461894364761537001839997174101881682872772216796875 0.8399167713753354913563953232369385659694671630859375
-0.05670470862027197911370279825860052369534969329833984375 -0.9954031840802997077588543106685392558574676513671875 -0.07718246684710339255985900308587588369846343994140625 1.5834087043998152921631117351353168487548828125
-0.85804924099958290728551446591154672205448150634765625 0.00906487617403063140886221304981518187560141086578369140625 0.5134874176063022321869766528834588825702667236328125 -3.6879538308282118208580868667922914028167724609375
-0.50527769744667327955767177627421915531158447265625 0.07972983766065792898825037582355435006320476531982421875 -0.85926573389702520788802075912826694548130035400390625 0.85133477957477676767439334071241319179534912109375
-0.0531925235905520710222305069692083634436130523681640625 -0.99670693415889288768738651924650184810161590576171875 -0.061203748897936727235702392135863192379474639892578125 1.5740742351478453908697474616928957402706146240234375
-0.861315856087707221178106919978745281696319580078125 0.01478162308839490492184953751575449132360517978668212890625 0.5078548017600825748019133243360556662082672119140625 -3.68641718584098310174113066750578582286834716796875
-0.4990264718656394204998605346190743148326873779296875 0.0698356007298349401590797924654907546937465667724609375 -0.8637682381565296996228653370053507387638092041015625 0.8561158679351168476756583913811482489109039306640625
-0.05189489713669133419404744245184701867401599884033203125 -0.9973670209492249139060504603548906743526458740234375 -0.050655712605328216679989594695143750868737697601318359375 1.5817799485830861261348445623298175632953643798828125
-0.865031502360363191428405116312205791473388671875 0.0195466217800472595589322821751920855604112148284912109375 0.50133664288695445332422195860999636352062225341796875 -3.683530445209165282705043864552862942218780517578125
-0.49131834951752606510666510075679980218410491943359375 0.052377242061541741391383908421630621887743473052978515625 -0.86940376347322134709116880912915803492069244384765625 0.86616288474298019917085866836714558303356170654296875
-0.047177224233227475769236747282775468192994594573974609375 -0.99832521554402553487506111196125857532024383544921875 -0.033483272960326437850397951478953473269939422607421875 1.5800858539241715572387647625873796641826629638671875
-0.86970143668561472605205153740826062858104705810546875 0.024565109202893557760472020845554652623832225799560546875 0.4929664962619944024169171825633384287357330322265625 -3.679139901953643931875603811931796371936798095703125
-0.4846757373398331569802621743292547762393951416015625 0.034758975928141089273282204885617829859256744384765625 -0.87400299955235627447081014906871132552623748779296875 0.87235223877689016536152166736428625881671905517578125
-0.043489297172883960296285721369713428430259227752685546875 -0.9989319539874108588861645330325700342655181884765625 -0.0156105214459617315514439184198636212386190891265869140625 1.580441790267461232843970719841308891773223876953125
-0.87361210539184097623177649438730441033840179443359375 0.0304437343323262742111889878060537739656865596771240234375 0.485669711174928853125720706884749233722686767578125 -3.67998618543627031840514973737299442291259765625
-0.47684897250240487753814022653386928141117095947265625 0.0096848083079219826618810884610866196453571319580078125 -0.87893188695793700304648154997266829013824462890625 0.8826867974345820044845822849310934543609619140625
-0.037022239803412550218641996480073430575430393218994140625 -0.9992732636148360381156408038805238902568817138671875 0.0090749341598629455762914375327454763464629650115966796875 1.563632320401558306599554271087981760501861572265625
-0.878205221568127303299888808396644890308380126953125 0.036867399086354113446617475347011350095272064208984375 0.476860968936526463668457154199131764471530914306640625 -3.67716395395291595349362978595308959484100341796875
-0.4686570382639076992603577309637330472469329833984375 -0.0089102393702855560431164150259064626879990100860595703125 -0.88333526371365156393267170642502605915069580078125 0.8894506664134407269983739752206020057201385498046875
-0.035384606930379584877055521019428852014243602752685546875 -0.9989572888179818477283333777450025081634521484375 0.028849969762940234907500069994057412259280681610107421875 1.5582089632266440393237871830933727324008941650390625
-0.88267123555823923108931694514467380940914154052734375 0.0447772112225727492162974385792040266096591949462890625 0.46785306590127284653846118089859373867511749267578125 -3.677189311627206524946132049080915749073028564453125
-0.4607204770153539019617028316133655607700347900390625 -0.031737668134907283390422350066728540696203708648681640625 -0.88697765613351464697444725970854051411151885986328125 0.90125393597485292662696565457736141979694366455078125
-0.031502971031208949759250259603504673577845096588134765625 -0.99814598065153370409774424842908047139644622802734375 0.052078980125458605721089355711228563450276851654052734375 1.54123090163017906206732732243835926055908203125
-0.886986022929618922461258989642374217510223388671875 0.051936282516980368517689470309051102958619594573974609375 0.4588664486381779372692335527972318232059478759765625 -3.67685132103927525548670018906705081462860107421875
-0.453173726140833454945067160224425606429576873779296875 -0.04308429360565245447300952719160704873502254486083984375 -0.89038043418537371476162434191792272031307220458984375 0.90688108943996448285673750433488748967647552490234375
-0.032328164928450815740479384885475155897438526153564453125 -0.99737997277461853951052717093261890113353729248046875 0.064715807234189404173463344704941846430301666259765625 1.5501181575114486577149364165961742401123046875
-0.89083582308299102958670800944673828780651092529296875 0.0581118674014852454323687425130628980696201324462890625 0.4505935498641344683079523747437633574008941650390625 -3.6794866637296177458438251051120460033416748046875
-0.443357314390430079509286542815971188247203826904296875 -0.0553744864656028068505833061863086186349391937255859375 -0.89463286214244119864957838217378593981266021728515625 0.9131961003308461943817064820905216038227081298828125
-0.03159006551848218824485314826233661733567714691162109375 -0.996504585759179217774317294242791831493377685546875 0.077335207809751616014892761086230166256427764892578125 1.553999248001307176281216015922836959362030029296875
-0.89578812201152613337029606555006466805934906005859375 0.06254863901963898797919938488121260888874530792236328125 0.440058300932790746884393229265697300434112548828125 -3.675440609587884654985145971295423805713653564453125
-0.432204252730021332151721935588284395635128021240234375 -0.0683243447428459049763915800212998874485492706298828125 -0.899183667465965896781199262477457523345947265625 0.924153850425725398309850788791663944721221923828125
-0.0298977424692863889832405988045138656161725521087646484375 -0.9954917547122434928752454652567394077777862548828125 0.09001303983696938570968626436297199688851833343505859375 1.55620664793795970837209097226150333881378173828125
-0.90127998364310812906552428103168494999408721923828125 0.06578757849763162968148577647298225201666355133056640625 0.42821301428108970998920312922564335167407989501953125 -3.6698418767208469404295101412571966648101806640625
-0.41982288433162084917427137042977847158908843994140625 -0.0837616327308139119178775899854372255504131317138671875 -0.90373266770309179651832209856365807354450225830078125 0.9320611985520506070912460927502252161502838134765625
-0.02972762990681554473582082209759391844272613525390625 -0.9939290272168506135130883194506168365478515625 0.10593117067889466775820750399361713789403438568115234375 1.5485119681477461650587201802409254014492034912109375
-0.907119073667397746163487681769765913486480712890625 0.07133815789612361901728121438281959854066371917724609375 0.41478410458549441752751363310380838811397552490234375 -3.662448798052262421975910910987295210361480712890625
-0.41238763239661169190952705321251414716243743896484375 -0.0972162164683754437266571812870097346603870391845703125 -0.9058065179175358583307797744055278599262237548828125 0.9386866425457032203638618739205412566661834716796875
-0.0283850871277574225148843112265240051783621311187744140625 -0.99243600270447684952301869998336769640445709228515625 0.11943669205994612847465674576596939004957675933837890625 1.542576170013352676591011913842521607875823974609375
-0.9105661576587336103472125614644028246402740478515625 0.07496560949112118787951430931570939719676971435546875 0.406508831294272898748687339320895262062549591064453125 -3.6689346042484789478521634009666740894317626953125
-0.40310741210347889040832569662597961723804473876953125 -0.11241950501371621162771674562463886104524135589599609375 -0.9082214868630378301617156466818414628505706787109375 0.9457094825327188036823145012021996080875396728515625
-0.0246874667101999629992281626300609786994755268096923828125 -0.99072922141699137910109129734337329864501953125 0.1335896510341564036306039042756310664117336273193359375 1.532461838626471450908184124273248016834259033203125
-0.9148196233624474871248821727931499481201171875 0.076272664097234932345514835105859674513339996337890625 0.39659492863941181450826434229384176433086395263671875 -3.669135572976899961616936707287095487117767333984375
-0.393255756789991917088400441571138799190521240234375 -0.11785454211697236892586460044185514561831951141357421875 -0.91184440375204900419703335501253604888916015625 0.94917809825345933472107162742759101092815399169921875
-0.0260652194738654925665333195183848147280514240264892578125 -0.98992299571806185998212868071277625858783721923828125 0.139187366265299095058338707531220279633998870849609375 1.539815751291238488107637749635614454746246337890625
-0.91905958135606014014484799190540798008441925048828125 0.078503655366190361331035774128395132720470428466796875 0.3862210015156744002950972571852616965770721435546875 -3.663771946356427111624043391202576458454132080078125
-0.380830506378615429863287999978638254106044769287109375 -0.1269725307361288801910603751821327023208141326904296875 -0.915885419607644024608816835097968578338623046875 0.96035130554623215903831123796408064663410186767578125
-0.0250510706805328643709263047867352725006639957427978515625 -0.98874629424516380371557033868157304823398590087890625 0.147489882770744096252002464098040945827960968017578125 1.537804909982699808068673519301228225231170654296875
-0.9243054523620248819071321122464723885059356689453125 0.0791125549062138555544976270539336837828159332275390625 0.37336394361272151609654201820376329123973846435546875 -3.65487266842630464935837153461761772632598876953125
-0.37226559738797637688634267760789953172206878662109375 -0.1345853485618084821595630273804999887943267822265625 -0.9183164536007561995489822948002256453037261962890625 0.96275724367293025185432497892179526388645172119140625
-0.0276824160805540682439573885176287149079144001007080078125 -0.98738032011620557870656966770184226334095001220703125 0.1559289688694034115012954089252161793410778045654296875 1.533307002798694806955381864099763333797454833984375
-0.92771332255338145866829790975316427648067474365234375 0.08346820656944541061417197624905384145677089691162109375 0.36384206690409881534975511385709978640079498291015625 -3.652154818459279805864525769720785319805145263671875
-0.365916759594875851124839982730918563902378082275390625 -0.1382863732290970926186446376959793269634246826171875 -0.92031614352174051507660124116227962076663970947265625 0.96384450080602912525051806369447149336338043212890625
-0.0265031762042141176560772208858907106332480907440185546875 -0.986949177016257284122957571526058018207550048828125 0.1588362669025364104502529016826883889734745025634765625 1.54340177499856157083968355436809360980987548828125
-0.930270125662025382240472026751376688480377197265625 0.082512150694244557058709688135422766208648681640625 0.35747620660481727039581301141879521310329437255859375 -3.654502516739001283241350392927415668964385986328125
-0.35640106777453095521224213371169753372669219970703125 -0.14142095600170845326459811985841952264308929443359375 -0.92356829313956911864380572296795435249805450439453125 0.97270813888706275651685473349061794579029083251953125
-0.0266184577775228602136703415226293145678937435150146484375 -0.98654060535389598296518443021341226994991302490234375 0.1613355129505824603342034606612287461757659912109375 1.553323709099923899401574090006761252880096435546875
-0.933953819306112098530547882546670734882354736328125 0.0820841104009107092043251441282336600124835968017578125 0.3478397076574448743002676565083675086498260498046875 -3.648579064460151233362239509006030857563018798828125
-0.3576569098659880818757983433897607028484344482421875 -0.160322788477701705378564156490028835833072662353515625 -0.919988118575368662988012147252447903156280517578125 0.97083135514039475832959169565583579242229461669921875
-0.0267070928828203879579206159178283996880054473876953125 -0.98299401720387480363427812335430644452571868896484375 0.1816853031388327988082664887770079076290130615234375 1.51261882105254397146154587971977889537811279296875
-0.93347108472443840465615494395024143159389495849609375 0.0895512097131120621273936421857797540724277496337890625 0.3472928372746826308770096147782169282436370849609375 -3.672881196145723503576618895749561488628387451171875
-0.3503350386116961256988133754930458962917327880859375 -0.1616825725638240396353495498260599561035633087158203125 -0.922563876623231582385642468580044806003570556640625 0.97883046200277712411974562201066873967647552490234375
-0.03093363752282123069203834120344254188239574432373046875 -0.9824534044579580349676461992203257977962493896484375 0.183925186377743354881886261864565312862396240234375 1.51980560765176431203826723503880202770233154296875
-0.93611349247877961854413797482266090810298919677734375 0.0929736912170428808632749451135168783366680145263671875 0.339186411786586317074210228383890353143215179443359375 -3.672327446124235006408298431779257953166961669921875
-0.34715213761502561329308491622214205563068389892578125 -0.1701296372366969122946755987868527881801128387451171875 -0.9222479600861301918257595389150083065032958984375 0.9799154582476301555971076595596969127655029296875
-0.033670524891799953615123541794673656113445758819580078125 -0.9805120927908068662048890473670326173305511474609375 0.1935520283800094276660530567824025638401508331298828125 1.5067180006965836813748182976269163191318511962890625
-0.9372041875277774547470244215219281613826751708984375 0.09824457053525249838887845044155255891382694244384765625 0.33465850540624597631023107169312424957752227783203125 -3.679992892510286939256047844537533819675445556640625
-0.337266152549850650732565782163874246180057525634765625 -0.1761824519807339284316327621127129532396793365478515625 -0.9247763437492750870916324856807477772235870361328125 0.98583504522756604249167367015616036951541900634765625
-0.033435746262624736757640420137249748222529888153076171875 -0.97947031064653644616413430412649177014827728271484375 0.198796422199574995826054646386182866990566253662109375 1.50453252440283424817835111753083765506744384765625
-0.94081538743454873330307464129873551428318023681640625 0.0979678888898747046720671960429172031581401824951171875 0.3244513823561874232836998999118804931640625 -3.66841882907104643862794546294026076793670654296875
-0.3399148449445770214794038110994733870029449462890625 -0.1652147979628735552370955019796383567154407501220703125 -0.9258304211465462341124066369957290589809417724609375 0.98025257085462680350929076666943728923797607421875
-0.03803531164986846679898491174753871746361255645751953125 -0.98122770352593791098883002632646821439266204833984375 0.1890649754619404265820747923498856835067272186279296875 1.542246030210325802300985742476768791675567626953125
-0.9396867633862651114640129890176467597484588623046875 0.09948023763412316977650107219233177602291107177734375 0.32724985719921184657010826413170434534549713134765625 -3.69451159356458180837989857536740601062774658203125
-0.335875891117458802437312215261044912040233612060546875 -0.178829171118669527640321348371799103915691375732421875 -0.92477430399155391427257200120948255062103271484375 0.978217947093182882412065737298689782619476318359375
-0.03269132872544387724556003149700700305402278900146484375 -0.9790066339312077925427502123056910932064056396484375 0.2011898202950737346572651631504413671791553497314453125 1.51615021956173823269864442409016191959381103515625
-0.94133876091882218162254503113217651844024658203125 0.097806908203181552874383442031103186309337615966796875 0.32297855331205982398756759721436537802219390869140625 -3.69609222587892194411551827215589582920074462890625
-0.33159402884823474533249054729822091758251190185546875 -0.173757854095676955719085299278958700597286224365234375 -0.92728291700659593033151395502500236034393310546875 0.978968621563235164018124123685993254184722900390625
-0.040911787446490703590296078573373961262404918670654296875 -0.9793198366125992482267292871256358921527862548828125 0.1981386870616592410510037325366283766925334930419921875 1.5265425936261893813394863173016346991062164306640625
-0.94253468144130347905473854552838020026683807373046875 0.1036384042125772231290881109089241363108158111572265625 0.317627856858638202286471141633228398859500885009765625 -3.69849731658135905121298492304049432277679443359375
-0.3276516162881548677177079298417083919048309326171875 -0.1861039102355832308699490340586635284125804901123046875 -0.9262881586951146051234218248282559216022491455078125 0.9795063435118915862176436348818242549896240234375
-0.043780225021810441343728115271005663089454174041748046875 -0.976364264316080809891218450502492487430572509765625 0.2116510602597367063371081030709319747984409332275390625 1.4835265671972088785679488864843733608722686767578125
-0.94378372008147604077521464205347001552581787109375 0.1099009129261884487593903259039507247507572174072265625 0.311759649485241874256047367452993057668209075927734375 -3.702165275902937313645679751061834394931793212890625
-0.317123840411039470410514695686288177967071533203125 -0.18489821478129064846740448047057725489139556884765625 -0.93018552988833647088284806159208528697490692138671875 0.986009786982839475655282512889243662357330322265625
-0.04355839334715115584995004383017658255994319915771484375 -0.97693626390163912365238729762495495378971099853515625 0.2090412846507472555135365155365434475243091583251953125 1.480185877442021791239312733523547649383544921875
-0.9473833101036976955811041989363729953765869140625 0.10680935919651403376295917269089841283857822418212890625 0.301755902220639027344617488779476843774318695068359375 -3.688890876707701327319455231190659105777740478515625
-0.31322809787685290672243354492820799350738525390625 -0.172924926962628788817966096758027561008930206298828125 -0.9338014394588489697213162799016572535037994384765625 0.9814260052416716728629353383439593017101287841796875
-0.046723112156311912002149000500139663927257061004638671875 -0.97928545381080700504838887354708276689052581787109375 0.1970203207552545243697039722974295727908611297607421875 1.4946033543877448312997557877679355442523956298828125
-0.94852786440603475970334557132446207106113433837890625 0.10534240674883255106664137201732955873012542724609375 0.2986601208492529746507671006838791072368621826171875 -3.69462652270370295326529230806045234203338623046875
-0.30008107727846800028004281557514332234859466552734375 -0.16333093149161947987835219464614056050777435302734375 -0.93982676801497522234285497688688337802886962890625 0.990699389237657879192511245491914451122283935546875
-0.04948684038077887092921258727074018679559230804443359375 -0.9812403470174404507275767173268832266330718994140625 0.1863289834130300304249061582595459185540676116943359375 1.498197899169429803123421152122318744659423828125
-0.95262920371273496211728115667938254773616790771484375 0.102422856454953470350943689481937326490879058837890625 0.28636892064127528190198290758416987955570220947265625 -3.6766490845645964924415238783694803714752197265625
-0.292338908887873838438054008292965590953826904296875 -0.1522173729135924136190993749551125802099704742431640625 -0.94412278530577353752306635215063579380512237548828125 0.986151671480242075773503529489971697330474853515625
-0.055852383314345221965169230315950699150562286376953125 -0.982848262650080517488504483480937778949737548828125 0.175755113522590378227761220841784961521625518798828125 1.4977729545726374826841720278025604784488677978515625
-0.9546823941698414639489556066109798848628997802734375 0.10411156290187086048693032580558792687952518463134765625 0.27882307783300330772391362188500352203845977783203125 -3.6786304648153649310415858053602278232574462890625
-0.28939451051677111959037347332923673093318939208984375 -0.134499277784209947395055451124790124595165252685546875 -0.9477134385236312130729174896259792149066925048828125 0.98109312307004004072297220773180015385150909423828125
-0.061053363365268543960784342061742790974676609039306640625 -0.9854694343685650448350088481674902141094207763671875 0.1585009047059413866964661110614542849361896514892578125 1.5169293140073201175965778020326979458332061767578125
-0.9552608566474216633679361621034331619739532470703125 0.10373038175536140881316526929367682896554470062255859375 0.27697780354772316702138823529821820557117462158203125 -3.691134007483635404156530057662166655063629150390625
-0.280546997743523707224966301509994082152843475341796875 -0.1216509222869481821049930658773519098758697509765625 -0.952100013214909335346192165161482989788055419921875 0.9793513738715209360208291400340385735034942626953125
-0.066150276601947499699463151046074926853179931640625 -0.9871268991599879694121000284212641417980194091796875 0.1456182746285152040943700058051035739481449127197265625 1.52416948116670170065845013596117496490478515625
-0.957558104311992064339165153796784579753875732421875 0.10383444608077861681660891690626158379018306732177734375 0.268888238258055356499909294143435545265674591064453125 -3.684740345129819072411692104651592671871185302734375
-0.2730646049874645431287945029907859861850738525390625 -0.112137236653006733266835226459079422056674957275390625 -0.9554375760136648576548168421140871942043304443359375 0.9796512667028391962986688668024726212024688720703125
-0.0676294854442878179412446115748025476932525634765625 -0.98848778114808910633115601740428246557712554931640625 0.135344801396217018218948169305804185569286346435546875 1.518100021177340774869435335858725011348724365234375
-0.95961553467210602974546418408863246440887451171875 0.10157362352393371762726559381917468272149562835693359375 0.262337234528738694194771596812643110752105712890625 -3.67973177876476587044862753828056156635284423828125
-0.26795822735896568378421989109483547508716583251953125 -0.0933219638492245040506389841539203189313411712646484375 -0.95890009878712867408268039071117527782917022705078125 0.9748625189190998074906246984028257429599761962890625
-0.06507607185490456302989770165368099696934223175048828125 -0.99127131808118773559357350677601061761379241943359375 0.11465746755895546427073128370466292835772037506103515625 1.523815484859468494249767900328151881694793701171875
-0.96123019793915898123515262341243214905261993408203125 0.0931248608812968170500568021452636457979679107666015625 0.25954627112652561837791154175647534430027008056640625 -3.67987799878535515318844772991724312305450439453125
-0.26282121320120077623272436539991758763790130615234375 -0.07085038328595076595473045699691283516585826873779296875 -0.962239696270987820980735705234110355377197265625 0.966689585501799175659698448725976049900054931640625
-0.06785009085043043619567271207415615208446979522705078125 -0.99347408366876643892595666329725645482540130615234375 0.0916824208646673799449899888713844120502471923828125 1.5329642348678793606353565337485633790493011474609375
-0.96245590821071014264731502407812513411045074462890625 0.089384133387962305672402862910530529916286468505859375 0.2562988518288367156827689541387371718883514404296875 -3.6862206662268715007257924298755824565887451171875
-0.25641205077820916624631308877724222838878631591796875 -0.05595546841570363250095709872766747139394283294677734375 -0.96494655073226331953861745205358602106571197509765625 0.95839495227141202615683823751169256865978240966796875
-0.06823110647828946329074284449234255589544773101806640625 -0.99478461127699890909070745692588388919830322265625 0.07581655044072520277520510489921434782445430755615234375 1.52444654848972138694307432160712778568267822265625
-0.9641563029485322733336261080694384872913360595703125 0.0852796456405363889619053452406660653650760650634765625 0.251256851695714988892405017395503818988800048828125 -3.690845702999202782024212865508161485195159912109375
-0.2428254793278503964604198017696035094559192657470703125 -0.03038226022586397456759499391409917734563350677490234375 -0.9695940928309989548239400392048992216587066650390625 0.95081914549042867434991421760059893131256103515625
-0.06889208762013722397998805035967961885035037994384765625 -0.99644564094959398037332221065298654139041900634765625 0.0484770145677866637345942990577896125614643096923828125 1.5445943555436347782716666188207454979419708251953125
-0.96762062144809923847077470782096497714519500732421875 0.0785688132963719143564418345704325474798679351806640625 0.239869286332355657886949984458624385297298431396484375 -3.683049112300210037318493050406686961650848388671875
-0.2301743108114867875091391624664538539946079254150390625 -0.00870660115632933793994308047103913850151002407073974609375 -0.9731104673873165467057333444245159626007080078125 0.945819189543591232194330586935393512248992919921875
-0.068258464858107104067386217138846404850482940673828125 -0.9973526876824674314292451526853255927562713623046875 0.02506899266596147868302324468459119088947772979736328125 1.551086536622918732319931223173625767230987548828125
-0.970752578578052638391682194196619093418121337890625 0.0721932627277850347269350095302797853946685791015625 0.228970661877843983944558203802444040775299072265625 -3.677289321319877846150347977527417242527008056640625
-0.2193034603200782195475682101459824480116367340087890625 0.008963841575367524627804272085995762608945369720458984375 -0.975615519472631032016352037317119538784027099609375 0.9377513446381617878699898938066326081752777099609375
-0.06466246657170755807175765994543326087296009063720703125 -0.99789279029252841990427214113879017531871795654296875 0.005366613882840982722999267906516251969151198863983154296875 1.55277063874962717449079718790017068386077880859375
-0.973511560222119154417441677651368081569671630859375 0.0642626211086311516229585549808689393103122711181640625 0.2194209598970508212634200617685564793646335601806640625 -3.671124064461524394431535256444476544857025146484375
-0.2089984459920517789743854564221692271530628204345703125 0.0228176291196330593979979539653868414461612701416015625 -0.97764973552610678897423213129513897001743316650390625 0.93156297507331753404713481359067372977733612060546875
-0.060283687784891730465641757064076955430209636688232421875 -0.99812704594981938033271262611378915607929229736328125 -0.0104083224418568230651427342081660754047334194183349609375 1.546091975156767883703423649421893060207366943359375
-0.97605610838374889937085754354484379291534423828125 0.056761006613105673135333262280255439691245555877685546875 0.2099825264516998191144381280537345446646213531494140625 -3.6632384721090769374995943508110940456390380859375
-0.1970089785069410737161632596325944177806377410888671875 0.039836288098963799908514005210236064158380031585693359375 -0.97959202351700891409080895755323581397533416748046875 0.92845133144664238056265048726345412433147430419921875
-0.05908102690224771580407292503878124989569187164306640625 -0.9978406708474956143817280462826602160930633544921875 -0.0286964093278055977498386397428475902415812015533447265625 1.5457675671925017457652984376181848347187042236328125
-0.9786198929088296694089876837097108364105224609375 0.05222185094274746364195749492864706553518772125244140625 0.19893713451043970596998633482144214212894439697265625 -3.65046049642566838855373134720139205455780029296875
-0.1874310019348958966656226721170241944491863250732421875 0.049410960754699785602017669816632405854761600494384765625 -0.98103423817468204948255561248515732586383819580078125 0.92963925342998410261685648947604931890964508056640625
-0.0560587135920101731212383810998289845883846282958984375 -0.99764436564184233446894722874276340007781982421875 -0.03953727834598204371463481265891459770500659942626953125 1.529172514854826747665583752677775919437408447265625
-0.9806768276441422127476243986166082322597503662109375 0.0475850043541611589237305679489509202539920806884765625 0.189759392606626720034768140976666472852230072021484375 -3.63729382222241071076496155001223087310791015625
